3
11
17
22
44
59
67
68
79
83
84
85
86
107
110
119
141
148
149
158
162
172
202
204
206
220
230
254
284
290
296
300
318
341
342
349
359
361
362
363
368
392
407
409
426
428
432
443
456
478
513
532
542
545
555
566
603
611
620
621
636
639
650
652
658
677
693
700
702
713
716
717
718
723
739
745
749
785
806
814
822
824
842
844
850
855
856
877
882
883
886
897
905
911
914
915
916
921
942
951
964
971
974
975
985
989
1007
1017
1027
1049
1067
1069
1076
1083
1096
1099
1107
1115
1145
1149
1156
1161
1168
1173
1181
1195
1202
1209
1227
1231
1234
1243
1249
1257
1270
1283
1285
1293
1297
1298
1303
1304
1307
1316
1328
1333
1340
1353
1369
1376
1423
1433
1443
1450
1461
1464
1472
1476
1480
1481
1484
1489
1506
1556
1569
1573
1575
1579
1613
1624
1628
1631
1632
1644
1647
1673
1674
1682
1691
1722
1733
1746
1749
1774
1775
1805
1813
1822
1830
1833
1836
1838
1841
1843
1848
1867
1871
1893
1897
1903
1918
1920
1936
1953
1957
1959
1960
1984
1989
1994
1997
2025
2028
2030
2038
2039
2043
2077
2082
2085
2086
2112
2116
2119
2127
2132
2162
2174
2182
2200
2203
2222
2234
2278
2287
2288
2304
2317
2329
2337
2344
2364
2370
2380
2381
2382
2394
2396
2410
2414
2418
2424
2454
2474
2481
2487
2513
2521
2555
2570
2573
2575
2583
2586
2598
2600
2604
2607
2612
2618
2632
2643
2651
2654
2710
2716
2722
2739
2749
2755
2774
2796
2816
2821
2833
2834
2835
2837
2882
2888
2891
2909
2925
2931
2947
2948
2951
2954
2986
2994
3003
3008
3011
3014
3054
3072
3079
3083
3094
3098
3111
3117
3130
3135
3136
3139
3140
3152
3156
3169
3182
3220
3222
3225
3226
3227
3238
3241
3254
3255
3271
3272
3277
3284
3295
3308
3331
3333
3339
3342
3352
3382
3384
3404
3412
3415
3421
3423
3433
3442
3451
3457
3458
3473
3478
3512
3515
3545
3549
3553
3555
3556
3561
3589
3602
3604
3623
3630
3634
3647
3652
3668
3695
3699
3705
3708
3717
3751
3763
3768
3770
3780
3810
3813
3819
3829
3844
3849
3866
3867
3868
3878
3884
3885
3904
3912
3916
3939
3957
4002
4003
4010
4015
4029
4040
4044
4062
4070
4074
4087
4102
4105
4117
4119
4124
4132
4134
4149
4165
4181
4184
4193
4213
4221
4222
4232
4245
4298
4299
4308
4309
4311
4316
4317
4329
4341
4360
4394
4395
4397
4408
4409
4410
4417
4433
4445
4450
4453
4460
4469
4472
4475
4480
4483
4489
4506
4517
4544
4545
4550
4567
4581
4595
4643
4653
4661
4699
4703
4726
4743
4754
4760
4762
4766
4769
4770
4773
4794
4798
4804
4807
4808
4813
4830
4836
4838
4849
4869
4900
4901
4908
4931
4957
4959
4960
4976
4991
4992
5008
5025
5042
5043
5048
5053
5066
5081
5086
5092
5097
5100
5122
5125
5128
5162
5163
5192
5218
5234
5242
5247
5253
5258
5261
5279
5294
5317
5322
5332
5341
5361
5362
5372
5394
5398
5401
5403
5418
5421
5422
5427
5432
5433
5434
5436
5451
5452
5457
5464
5473
5482
5503
5511
5521
5528
5560
5569
5597
5611
5617
5632
5633
5636
5639
5656
5664
5667
5703
5711
5716
5729
5730
5737
5759
5769
5784
5809
5821
5861
5866
5867
5868
5874
5889
5896
5909
5913
5921
5922
5923
5926
5935
5951
5958
5973
5983
6005
6007
6024
6027
6028
6032
6039
6040
6060
6061
6062
6072
6081
6096
6100
6102
6115
6120
6123
6125
6135
6142
6143
6168
6190
6198
6206
6224
6226
6227
6229
6235
6238
6256
6259
6261
6262
6270
6280
6296
6300
6304
6309
6311
6328
6330
6331
6334
6335
6339
6341
6349
6356
6378
6408
6409
6429
6451
6452
6456
6459
6469
6488
6521
6531
6533
6546
6548
6562
6566
6567
6577
6582
6590
6601
6603
6610
6612
6623
6628
6634
6648
6649
6657
6675
6677
6681
6682
6683
6693
6708
6727
6739
6745
6754
6755
6759
6762
6776
6779
6780
6782
6794
6796
6797
6802
6810
6875
6884
6894
6906
6925
6933
6941
6976
7011
7033
7047
7056
7058
7087
7093
7097
7099
7105
7107
7124
7148
7155
7158
7165
7191
7193
7200
7210
7219
7221
7280
7293
7296
7305
7309
7340
7345
7346
7366
7381
7390
7401
7425
7426
7427
7435
7446
7448
7477
7490
7494
7513
7517
7543
7586
7606
7635
7636
7639
7646
7658
7667
7692
7695
7699
7705
7717
7718
7734
7739
7744
7769
7777
7795
7802
7811
7812
7853
7873
7886
7898
7906
7908
7923
7934
7939
7947
7948
7960
7963
7968
7987
7989
7996
7997
8002
8005
8012
8015
8027
8053
8061
8067
8076
8083
8091
8103
8124
8127
8149
8152
8163
8164
8191
8200
8203
8215
8235
8253
8268
8275
8276
8277
8287
8290
8291
8295
8304
8309
8319
8324
8329
8331
8350
8351
8360
8364
8383
8395
8406
8415
8431
8443
8463
8465
8469
8495
8507
8510
8519
8546
8548
8556
8580
8597
8602
8609
8610
8614
8617
8623
8638
8640
8653
8656
8662
8684
8705
8715
8719
8748
8749
8752
8777
8781
8810
8820
8823
8827
8835
8839
8849
8867
8876
8890
8901
8905
8917
8918
8923
8925
8935
8960
8965
8968
8974
8975
8977
8980
8982
8983
9016
9020
9025
9043
9051
9063
9078
9085
9091
9094
9108
9126
9133
9180
9190
9205
9220
9221
9230
9231
9244
9247
9250
9258
9260
9270
9275
9282
9291
9296
9298
9309
9317
9333
9336
9347
9358
9359
9361
9375
9410
9417
9429
9448
9453
9470
9485
9497
9502
9509
9512
9513
9516
9522
9523
9537
9544
9557
9571
9596
9601
9609
9619
9634
9641
9671
9682
9692
9702
9714
9718
9727
9751
9752
9759
9770
9802
9818
9840
9857
9862
9870
9873
9876
9877
9880
9890
9891
9932
9958
9962
9976
9982
9990
9993
9998
10000