2
7
27
37
92
96
124
127
128
145
150
161
170
178
179
198
199
218
230
246
289
318
332
345
351
354
365
374
394
408
422
433
434
436
437
441
444
474
476
480
481
483
489
499
504
509
510
511
513
517
519
526
550
551
571
593
594
612
615
629
633
636
650
655
673
678
689
693
699
730
734
755
761
763
768
770
771
772
788
836
855
861
867
872
881
887
889
906
917
920
924
942
946
959
961
973
983
993
1015
1023
1056
1068
1074
1082
1093
1105
1116
1122
1128
1141
1149
1160
1185
1190
1197
1198
1204
1207
1213
1215
1233
1242
1251
1268
1277
1293
1307
1318
1323
1326
1329
1349
1352
1359
1372
1393
1395
1433
1440
1451
1457
1462
1463
1469
1470
1473
1478
1492
1498
1510
1517
1518
1523
1525
1533
1550
1559
1573
1588
1597
1598
1619
1634
1646
1650
1674
1689
1696
1710
1717
1723
1746
1751
1758
1764
1766
1772
1797
1804
1814
1842
1845
1857
1883
1900
1909
1915
1921
1929
1943
1946
1956
1958
1963
1968
1983
2001
2004
2017
2021
2029
2045
2047
2050
2059
2063
2080
2083
2089
2094
2107
2114
2124
2137
2138
2156
2161
2162
2189
2194
2200
2204
2220
2228
2235
2239
2244
2251
2276
2292
2294
2298
2304
2306
2319
2325
2333
2335
2345
2355
2359
2366
2369
2378
2385
2389
2398
2399
2428
2431
2442
2448
2449
2450
2461
2471
2479
2489
2511
2513
2515
2532
2533
2561
2593
2598
2599
2605
2606
2609
2634
2635
2640
2641
2650
2661
2669
2672
2690
2721
2722
2751
2767
2771
2793
2801
2818
2823
2833
2835
2841
2842
2849
2869
2874
2892
2895
2896
2903
2906
2912
2921
2931
2955
2959
2960
2973
2975
2976
2985
2996
2999
3001
3003
3006
3039
3044
3068
3071
3072
3075
3082
3086
3090
3093
3105
3106
3107
3111
3127
3131
3152
3153
3160
3164
3166
3200
3219
3228
3237
3239
3248
3249
3251
3269
3282
3304
3310
3316
3329
3331
3340
3344
3367
3373
3374
3375
3376
3380
3409
3412
3423
3430
3439
3448
3465
3468
3480
3500
3519
3529
3569
3574
3575
3578
3586
3588
3606
3620
3631
3650
3662
3664
3669
3670
3672
3677
3680
3681
3715
3720
3723
3724
3725
3732
3753
3758
3767
3778
3810
3821
3824
3825
3834
3847
3850
3870
3880
3889
3890
3892
3909
3918
3920
3931
3941
3943
3944
3945
3951
3957
3961
3962
3974
3992
4012
4029
4041
4056
4072
4086
4093
4100
4105
4113
4126
4134
4145
4151
4153
4156
4174
4196
4207
4218
4251
4268
4289
4300
4316
4322
4326
4357
4368
4379
4385
4427
4456
4460
4489
4495
4504
4510
4523
4528
4529
4560
4563
4566
4578
4585
4588
4597
4604
4622
4623
4626
4643
4650
4664
4666
4681
4695
4699
4710
4716
4724
4739
4741
4745
4813
4821
4824
4835
4845
4877
4880
4899
4902
4905
4911
4928
4966
4972
4984
4999
5007
5011
5014
5021
5037
5042
5048
5060
5068
5083
5098
5126
5140
5150
5174
5209
5245
5264
5277
5284
5287
5288
5318
5326
5327
5340
5347
5351
5356
5357
5373
5391
5400
5410
5412
5457
5468
5472
5494
5496
5499
5501
5507
5513
5519
5521
5536
5553
5557
5563
5566
5571
5579
5583
5595
5640
5644
5648
5651
5656
5658
5660
5665
5667
5680
5682
5683
5686
5697
5708
5716
5727
5730
5733
5747
5750
5752
5756
5764
5765
5792
5796
5802
5828
5850
5857
5865
5879
5880
5901
5910
5920
5943
5944
5949
5952
5960
5964
5989
5992
5993
5996
6002
6006
6010
6014
6054
6063
6066
6073
6086
6091
6099
6101
6105
6146
6156
6162
6174
6208
6229
6249
6272
6275
6277
6286
6301
6313
6340
6346
6356
6366
6372
6373
6379
6397
6403
6412
6414
6416
6422
6434
6438
6447
6457
6460
6467
6483
6489
6496
6500
6513
6534
6540
6541
6558
6589
6593
6599
6626
6641
6656
6679
6723
6732
6745
6802
6817
6840
6847
6857
6861
6878
6895
6899
6907
6913
6951
6952
6966
6969
6981
6983
6999
7009
7017
7025
7032
7046
7061
7067
7071
7092
7095
7098
7099
7104
7119
7126
7131
7142
7147
7151
7161
7187
7190
7206
7223
7255
7286
7287
7295
7326
7335
7351
7356
7357
7387
7394
7395
7401
7407
7411
7419
7421
7431
7435
7443
7451
7467
7473
7523
7534
7543
7555
7559
7567
7580
7588
7598
7601
7621
7648
7649
7662
7667
7670
7673
7681
7687
7691
7702
7731
7736
7745
7747
7755
7772
7779
7783
7797
7804
7810
7823
7824
7841
7851
7856
7860
7862
7867
7878
7881
7883
7892
7894
7895
7899
7937
7970
7974
7977
7984
8002
8013
8015
8043
8077
8100
8102
8114
8116
8126
8130
8153
8164
8181
8188
8197
8199
8210
8212
8231
8237
8242
8245
8247
8251
8259
8290
8293
8308
8313
8316
8340
8361
8371
8381
8386
8387
8389
8400
8404
8408
8417
8427
8458
8464
8477
8501
8513
8521
8522
8524
8525
8529
8530
8534
8576
8578
8586
8589
8594
8610
8613
8631
8639
8641
8650
8659
8671
8685
8693
8695
8716
8725
8727
8732
8734
8739
8748
8749
8750
8765
8778
8785
8788
8794
8803
8812
8819
8829
8844
8845
8849
8862
8864
8870
8893
8906
8911
8912
8918
8924
8936
8941
8958
8962
8976
8980
8994
9004
9015
9017
9024
9051
9057
9078
9081
9082
9092
9095
9097
9110
9130
9146
9162
9168
9172
9195
9209
9223
9230
9239
9256
9270
9272
9294
9305
9314
9317
9328
9330
9338
9339
9341
9349
9360
9363
9387
9393
9405
9407
9415
9449
9453
9487
9504
9505
9508
9526
9527
9539
9540
9553
9556
9579
9600
9601
9613
9621
9626
9635
9638
9643
9661
9663
9706
9708
9710
9758
9761
9762
9763
9765
9770
9783
9807
9813
9815
9821
9831
9838
9846
9863
9875
9877
9888
9890
9908
9909
9912
9928
9931
9933
9956
9963
9964
9973
9974
9980
9986
9988
9990
9992
10007
10016
10023
10045
10048
10068
10073
10091
10094
10098
10113
10119
10127
10146
10148
10190
10196
10211
10212
10223
10249
10271
10279
10281
10290
10304
10308
10309
10314
10338
10339
10342
10357
10361
10369
10373
10376
10382
10395
10400
10427
10432
10438
10450
10460
10477
10501
10505
10508
10536
10543
10546
10561
10574
10575
10606
10633
10647
10651
10653
10656
10659
10668
10676
10678
10700
10713
10721
10737
10739
10743
10746
10751
10753
10758
10776
10778
10780
10788
10790
10803
10814
10821
10822
10853
10857
10858
10882
10897
10900
10905
10922
10939
10943
10949
10951
10960
10995
11000
11001
11011
11014
11035
11042
11050
11060
11064
11083
11084
11085
11096
11113
11129
11134
11137
11138
11159
11161
11178
11199
11211
11250
11255
11298
11301
11307
11312
11316
11320
11321
11322
11324
11330
11332
11363
11367
11376
11380
11382
11384
11386
11407
11417
11449
11462
11467
11471
11474
11495
11505
11515
11516
11538
11545
11549
11551
11552
11553
11554
11556
11561
11571
11587
11590
11600
11608
11612
11619
11648
11651
11660
11675
11698
11703
11707
11718
11731
11734
11743
11748
11758
11762
11767
11779
11786
11808
11812
11817
11827
11839
11844
11850
11861
11865
11875
11890
11911
11929
11937
11965
11981
11994
12022
12037
12038
12050
12057
12063
12081
12108
12118
12142
12144
12154
12157
12164
12165
12169
12184
12192
12194
12221
12224
12228
12237
12243
12245
12264
12274
12297
12311
12320
12336
12339
12342
12361
12363
12373
12378
12380
12382
12383
12384
12386
12387
12396
12402
12412
12421
12427
12449
12451
12468
12471
12476
12478
12487
12494
12515
12517
12532
12547
12556
12563
12575
12577
12611
12634
12635
12639
12643
12676
12677
12700
12702
12715
12718
12738
12741
12750
12758
12781
12782
12806
12825
12829
12831
12832
12833
12839
12840
12852
12864
12887
12899
12909
12912
12915
12918
12943
12963
12966
12969
12989
13006
13029
13037
13043
13051
13061
13076
13110
13115
13126
13135
13142
13155
13159
13164
13167
13169
13171
13175
13177
13184
13200
13204
13215
13217
13224
13237
13288
13297
13304
13337
13365
13366
13381
13387
13389
13399
13402
13404
13409
13411
13418
13426
13480
13491
13492
13493
13496
13516
13519
13536
13547
13566
13575
13592
13595
13596
13612
13615
13621
13628
13632
13648
13656
13661
13665
13669
13677
13684
13686
13735
13738
13753
13758
13771
13778
13816
13821
13824
13827
13843
13850
13854
13863
13874
13895
13896
13898
13915
13929
13938
13947
13956
13958
14006
14018
14036
14042
14048
14056
14057
14058
14066
14074
14085
14091
14118
14134
14149
14152
14199
14218
14231
14243
14248
14256
14281
14282
14294
14311
14316
14317
14318
14330
14331
14352
14378
14391
14392
14403
14407
14419
14425
14439
14453
14456
14460
14464
14492
14499
14502
14522
14527
14540
14543
14557
14558
14571
14584
14588
14591
14641
14642
14651
14687
14690
14692
14696
14699
14702
14707
14709
14733
14743
14758
14759
14777
14789
14815
14816
14840
14841
14842
14849
14852
14884
14893
14897
14905
14909
14923
14952
14958
14962
14991
14996
15010
15042
15043
15044
15054
15056
15058
15062
15066
15088
15095
15098
15105
15121
15138
15164
15170
15206
15209
15221
15228
15251
15252
15257
15274
15292
15295
15304
15307
15312
15318
15321
15328
15338
15348
15351
15353
15359
15365
15366
15374
15402
15411
15461
15464
15482
15501
15513
15517
15522
15534
15558
15566
15574
15576
15581
15586
15594
15598
15603
15630
15673
15679
15682
15695
15713
15716
15722
15734
15743
15768
15774
15776
15777
15785
15788
15791
15796
15800
15837
15839
15849
15854
15867
15871
15883
15892
15895
15898
15900
15920
15924
15941
15943
15956
15987
15999
16026
16028
16033
16065
16071
16081
16082
16101
16115
16136
16151
16186
16198
16216
16227
16245
16253
16258
16272
16276
16286
16305
16318
16323
16327
16347
16353
16361
16373
16379
16385
16401
16415
16441
16447
16451
16452
16468
16473
16482
16483
16486
16493
16502
16505
16507
16512
16516
16518
16519
16521
16525
16538
16546
16547
16552
16598
16601
16603
16610
16611
16613
16616
16632
16659
16663
16671
16680
16684
16691
16698
16741
16755
16760
16772
16773
16774
16776
16780
16784
16838
16846
16848
16849
16858
16887
16895
16896
16909
16922
16923
16930
16934
16935
16939
16954
16976
16981
17003
17014
17017
17022
17027
17031
17045
17052
17080
17094
17099
17101
17116
17117
17118
17119
17121
17138
17154
17166
17168
17178
17185
17187
17188
17203
17205
17210
17212
17223
17226
17228
17230
17272
17277
17292
17299
17300
17339
17343
17344
17351
17361
17363
17376
17396
17403
17429
17454
17462
17482
17486
17491
17494
17498
17516
17524
17526
17528
17537
17539
17554
17561
17596
17613
17678
17686
17688
17691
17693
17709
17718
17734
17743
17747
17787
17790
17800
17807
17858
17860
17886
17904
17909
17924
17927
17946
17957
17968
17994
18002
18012
18016
18019
18038
18042
18046
18062
18070
18071
18076
18082
18085
18088
18089
18116
18125
18130
18132
18146
18158
18160
18164
18167
18238
18241
18262
18263
18266
18269
18271
18277
18285
18287
18294
18304
18312
18318
18320
18323
18324
18333
18362
18369
18373
18379
18400
18405
18406
18414
18431
18452
18458
18467
18472
18473
18477
18479
18490
18492
18500
18503
18507
18515
18519
18576
18580
18585
18591
18610
18618
18621
18633
18635
18639
18640
18649
18655
18663
18674
18676
18687
18690
18709
18714
18726
18729
18735
18765
18766
18768
18780
18792
18803
18806
18823
18824
18829
18842
18868
18877
18879
18898
18910
18934
18958
18981
18985
19047
19052
19080
19091
19120
19131
19147
19167
19169
19170
19177
19185
19188
19208
19219
19258
19262
19265
19269
19272
19281
19295
19297
19301
19307
19353
19360
19368
19370
19381
19385
19386
19401
19413
19429
19450
19455
19463
19479
19481
19485
19487
19489
19513
19517
19518
19529
19551
19584
19593
19598
19603
19607
19608
19622
19669
19679
19682
19695
19697
19699
19709
19711
19714
19721
19722
19725
19726
19739
19752
19755
19767
19775
19778
19779
19784
19809
19821
19831
19848
19855
19858
19870
19888
19889
19898
19917
19920
19927
19953
19954
19955
19970
20008
20017
20027
20041
20042
20049
20059
20085
20086
20095
20101
20102
20104
20108
20117
20127
20143
20165
20168
20172
20200
20206
20213
20217
20222
20237
20238
20239
20258
20264
20277
20285
20293
20297
20304
20307
20321
20330
20343
20344
20348
20360
20374
20377
20397
20414
20417
20432
20447
20461
20516
20525
20527
20537
20545
20571
20574
20575
20578
20579
20582
20592
20594
20597
20616
20622
20628
20635
20640
20660
20673
20684
20687
20697
20701
20704
20706
20714
20732
20740
20756
20759
20763
20776
20786
20789
20801
20808
20813
20837
20838
20850
20851
20871
20873
20877
20885
20912
20916
20921
20923
20942
20954
20967
20969
20979
20988
20994
21040
21058
21064
21065
21089
21109
21110
21121
21133
21144
21151
21171
21198
21212
21242
21247
21257
21277
21286
21319
21323
21339
21348
21352
21365
21368
21369
21372
21381
21391
21396
21410
21443
21447
21452
21481
21504
21511
21518
21539
21552
21562
21590
21596
21605
21607
21632
21654
21672
21693
21719
21720
21727
21728
21732
21739
21743
21754
21768
21830
21861
21865
21866
21883
21892
21909
21918
21936
21951
21958
21960
21986
21989
22007
22011
22016
22017
22032
22033
22052
22060
22068
22080
22085
22086
22091
22095
22098
22103
22112
22114
22115
22135
22143
22145
22172
22179
22202
22209
22215
22220
22225
22227
22229
22256
22261
22265
22267
22272
22278
22286
22291
22292
22296
22306
22317
22331
22334
22342
22358
22369
22371
22385
22390
22397
22403
22406
22414
22417
22428
22464
22466
22481
22489
22493
22497
22499
22503
22513
22520
22524
22531
22533
22540
22544
22547
22554
22555
22556
22557
22580
22586
22587
22601
22619
22621
22630
22633
22638
22649
22655
22660
22681
22683
22686
22687
22691
22703
22728
22752
22759
22760
22766
22771
22775
22785
22794
22804
22812
22816
22817
22818
22822
22827
22836
22849
22858
22868
22877
22886
22895
22928
22946
22953
22960
22963
22978
22983
22988
23001
23020
23034
23046
23048
23055
23064
23072
23078
23108
23119
23128
23137
23139
23145
23146
23153
23157
23160
23192
23232
23248
23256
23281
23284
23287
23318
23337
23354
23358
23359
23360
23363
23370
23384
23410
23416
23433
23436
23441
23455
23486
23490
23491
23499
23501
23517
23519
23524
23545
23560
23567
23569
23576
23581
23584
23586
23588
23618
23625
23639
23657
23659
23662
23663
23668
23676
23690
23727
23746
23750
23764
23771
23782
23797
23809
23820
23826
23846
23863
23871
23878
23888
23889
23891
23897
23906
23909
23919
23923
23971
23973
23984
23989
23993
24009
24016
24021
24036
24048
24054
24068
24069
24077
24082
24089
24092
24110
24114
24115
24121
24146
24151
24178
24179
24181
24195
24207
24209
24220
24228
24231
24239
24247
24252
24256
24264
24279
24285
24288
24291
24319
24346
24348
24351
24352
24377
24387
24390
24398
24399
24404
24420
24423
24434
24438
24441
24442
24451
24489
24493
24501
24502
24507
24508
24515
24519
24532
24533
24536
24544
24546
24547
24561
24573
24574
24589
24591
24599
24611
24619
24622
24628
24633
24636
24638
24644
24648
24667
24679
24681
24687
24697
24699
24700
24731
24742
24754
24761
24766
24771
24784
24807
24812
24828
24841
24845
24853
24868
24881
24914
24916
24917
24920
24927
24937
24941
24943
24972
24982
24991
25004
25011
25015
25016
25020
25029
25035
25043
25048
25053
25054
25125
25141
25143
25163
25165
25179
25192
25203
25223
25228
25237
25241
25247
25274
25288
25298
25320
25339
25384
25397
25399
25411
25427
25430
25442
25450
25458
25459
25465
25475
25479
25489
25490
25493
25498
25499
25520
25523
25524
25529
25533
25553
25585
25601
25626
25629
25633
25640
25645
25652
25654
25671
25673
25674
25680
25681
25687
25706
25715
25723
25740
25759
25762
25770
25783
25787
25801
25803
25810
25825
25832
25872
25873
25877
25878
25900
25901
25908
25911
25916
25927
25955
25973
25990
25998
26003
26027
26070
26072
26073
26078
26088
26095
26101
26110
26119
26128
26134
26140
26143
26166
26179
26195
26233
26237
26254
26268
26269
26293
26294
26303
26306
26308
26325
26326
26328
26340
26364
26376
26377
26379
26381
26396
26397
26403
26406
26424
26425
26432
26448
26463
26476
26477
26483
26494
26502
26515
26516
26549
26550
26552
26557
26583
26585
26589
26598
26602
26603
26608
26609
26626
26664
26675
26676
26691
26719
26732
26738
26741
26743
26750
26755
26761
26769
26784
26812
26819
26828
26834
26836
26844
26853
26861
26873
26875
26891
26897
26904
26915
26933
26941
26957
26964
26995
26996
27010
27019
27020
27025
27032
27034
27048
27057
27058
27066
27068
27074
27081
27086
27096
27098
27108
27109
27116
27141
27148
27159
27167
27171
27191
27196
27205
27222
27232
27233
27240
27244
27250
27251
27255
27271
27294
27298
27307
27309
27317
27319
27334
27340
27351
27369
27374
27383
27386
27393
27404
27405
27413
27414
27423
27428
27433
27442
27456
27470
27488
27491
27498
27516
27517
27531
27551
27552
27555
27562
27570
27588
27597
27606
27626
27629
27634
27638
27645
27654
27655
27663
27677
27680
27699
27737
27740
27743
27745
27752
27761
27762
27765
27770
27771
27782
27786
27794
27798
27800
27804
27806
27819
27823
27865
27866
27871
27873
27899
27905
27914
27928
27945
27953
27958
27975
27980
27981
28000
28014
28037
28042
28064
28070
28092
28093
28095
28107
28114
28119
28132
28135
28136
28142
28146
28160
28170
28188
28191
28208
28214
28224
28225
28231
28236
28251
28252
28256
28268
28296
28303
28304
28312
28317
28327
28344
28349
28359
28364
28366
28372
28391
28401
28402
28413
28414
28416
28428
28441
28455
28457
28473
28485
28496
28500
28506
28509
28518
28525
28530
28532
28549
28553
28565
28572
28579
28592
28593
28603
28611
28616
28622
28632
28649
28650
28651
28653
28664
28680
28692
28702
28714
28717
28718
28739
28751
28783
28796
28804
28816
28824
28831
28863
28867
28877
28888
28893
28901
28909
28923
28925
28935
28948
28952
28958
28997
29010
29023
29040
29042
29043
29048
29092
29101
29108
29114
29125
29126
29148
29149
29152
29177
29184
29191
29193
29215
29218
29229
29231
29240
29251
29280
29281
29288
29293
29294
29327
29334
29341
29349
29350
29352
29353
29354
29362
29363
29397
29406
29409
29437
29444
29455
29457
29472
29476
29484
29494
29498
29510
29518
29528
29542
29547
29550
29555
29558
29559
29574
29586
29592
29593
29598
29601
29608
29615
29626
29632
29637
29638
29641
29651
29676
29685
29696
29699
29703
29716
29721
29723
29728
29750
29758
29759
29764
29802
29821
29831
29845
29847
29852
29855
29861
29864
29870
29875
29881
29903
29905
29906
29917
29921
29922
29925
29972
29978
29982
29985
30010
30021
30041
30070
30096
30105
30110
30116
30121
30132
30136
30153
30161
30175
30192
30193
30216
30218
30219
30220
30229
30230
30238
30240
30245
30278
30281
30296
30302
30307
30314
30332
30334
30336
30340
30379
30382
30388
30389
30390
30399
30404
30408
30417
30428
30434
30438
30442
30457
30474
30496
30498
30514
30527
30534
30536
30554
30555
30574
30622
30624
30629
30644
30655
30676
30684
30696
30714
30727
30742
30748
30753
30755
30758
30762
30767
30778
30796
30811
30832
30859
30860
30883
30884
30889
30894
30913
30918
30921
30922
30934
30940
30941
30942
30943
30946
30957
30959
30960
30963
30966
30976
30981
30987
30990
31013
31016
31017
31046
31061
31080
31091
31095
31104
31123
31127
31129
31133
31150
31155
31165
31189
31213
31222
31231
31232
31235
31241
31243
31251
31254
31263
31269
31285
31297
31303
31315
31328
31329
31331
31342
31346
31358
31360
31363
31367
31371
31374
31377
31382
31387
31393
31425
31426
31437
31482
31484
31486
31510
31523
31536
31540
31545
31566
31568
31578
31588
31591
31609
31612
31613
31618
31631
31645
31647
31648
31665
31682
31702
31723
31745
31751
31754
31784
31791
31825
31826
31839
31847
31883
31888
31891
31893
31910
31921
31957
31962
31986
32007
32023
32041
32044
32049
32052
32054
32056
32070
32087
32096
32100
32101
32107
32109
32118
32125
32133
32139
32170
32172
32173
32176
32187
32189
32208
32213
32224
32240
32272
32276
32279
32283
32289
32295
32301
32302
32309
32321
32329
32335
32338
32346
32365
32366
32377
32382
32384
32410
32435
32440
32451
32457
32474
32475
32479
32492
32493
32514
32518
32526
32539
32541
32558
32560
32566
32567
32570
32587
32595
32615
32623
32631
32637
32639
32645
32650
32670
32685
32715
32716
32752
32773
32802
32817
32818
32819
32826
32835
32839
32845
32846
32868
32869
32873
32876
32892
32895
32915
32919
32942
32953
32955
32963
32989
32996
32997
33007
33031
33047
33116
33118
33121
33143
33176
33179
33187
33194
33196
33208
33209
33215
33225
33226
33230
33254
33256
33260
33269
33273
33288
33318
33323
33324
33328
33331
33367
33378
33395
33396
33405
33418
33424
33429
33442
33447
33465
33470
33478
33486
33490
33497
33504
33550
33560
33566
33582
33583
33589
33596
33606
33613
33616
33631
33634
33636
33643
33650
33675
33676
33684
33712
33726
33744
33749
33768
33791
33810
33815
33823
33825
33837
33848
33849
33869
33882
33896
33905
33929
33953
33970
33995
34006
34013
34024
34028
34039
34041
34054
34066
34067
34073
34095
34106
34121
34133
34142
34156
34161
34165
34177
34198
34205
34237
34239
34247
34253
34255
34257
34272
34273
34279
34280
34283
34284
34303
34315
34317
34321
34323
34334
34349
34354
34367
34373
34386
34390
34397
34412
34417
34433
34436
34439
34491
34498
34499
34515
34516
34531
34538
34543
34545
34557
34565
34569
34570
34571
34584
34585
34599
34619
34623
34649
34658
34660
34672
34677
34678
34679
34713
34725
34730
34736
34741
34743
34749
34750
34756
34774
34775
34777
34785
34798
34799
34801
34815
34834
34838
34844
34851
34855
34863
34866
34898
34900
34933
34943
34958
34967
34968
34972
34986
34993
35004
35019
35044
35057
35112
35146
35159
35161
35173
35183
35203
35211
35218
35226
35246
35253
35258
35263
35278
35280
35284
35298
35300
35301
35311
35339
35350
35359
35366
35370
35371
35377
35390
35392
35399
35404
35413
35446
35459
35463
35487
35507
35510
35523
35538
35543
35546
35547
35560
35561
35581
35586
35588
35607
35616
35621
35622
35640
35643
35674
35676
35683
35686
35707
35709
35720
35724
35727
35735
35738
35746
35749
35764
35790
35793
35796
35806
35811
35815
35816
35826
35834
35843
35844
35853
35861
35865
35872
35878
35884
35889
35890
35894
35924
35927
35936
35945
35956
35959
35961
35966
35991
36004
36008
36012
36026
36030
36035
36036
36042
36048
36054
36065
36077
36083
36085
36087
36104
36110
36123
36129
36137
36157
36165
36187
36196
36198
36211
36220
36244
36246
36249
36254
36277
36304
36313
36333
36337
36352
36359
36360
36371
36384
36398
36399
36402
36405
36406
36421
36436
36442
36443
36446
36448
36452
36459
36491
36497
36501
36507
36511
36515
36518
36527
36545
36552
36559
36582
36603
36613
36618
36651
36653
36672
36678
36697
36699
36702
36707
36718
36739
36762
36767
36781
36794
36797
36825
36826
36831
36833
36834
36855
36857
36886
36896
36913
36926
36936
36952
36954
36973
36978
36985
36995
36998
37005
37023
37027
37040
37049
37050
37080
37095
37109
37115
37122
37127
37128
37135
37137
37139
37145
37154
37161
37177
37186
37188
37193
37197
37210
37211
37219
37238
37246
37256
37263
37284
37296
37301
37318
37322
37324
37329
37337
37344
37345
37346
37396
37402
37404
37418
37419
37423
37437
37445
37454
37461
37468
37488
37497
37501
37503
37514
37555
37559
37564
37605
37615
37616
37621
37625
37637
37663
37665
37692
37708
37713
37724
37727
37734
37738
37743
37744
37745
37746
37754
37760
37769
37787
37797
37806
37813
37814
37832
37833
37844
37853
37871
37902
37916
37918
37919
37921
37928
37934
37935
37938
37941
37953
37969
37972
37980
38003
38013
38019
38021
38027
38030
38032
38056
38057
38064
38088
38090
38094
38110
38121
38128
38141
38158
38179
38190
38198
38219
38246
38256
38257
38272
38280
38300
38309
38329
38338
38342
38347
38360
38366
38370
38372
38388
38410
38412
38448
38453
38456
38464
38470
38472
38475
38477
38481
38514
38522
38527
38528
38530
38531
38543
38550
38566
38568
38570
38575
38581
38582
38585
38587
38592
38595
38601
38610
38626
38639
38664
38671
38682
38685
38688
38694
38703
38709
38725
38737
38760
38765
38766
38772
38796
38797
38800
38825
38832
38835
38840
38845
38856
38864
38870
38887
38901
38903
38904
38916
38917
38939
38940
38942
38950
38962
38983
39016
39021
39037
39052
39058
39073
39092
39111
39139
39141
39149
39150
39155
39164
39167
39180
39183
39191
39196
39211
39222
39227
39228
39239
39245
39268
39273
39274
39275
39308
39334
39340
39343
39354
39358
39361
39363
39364
39370
39376
39420
39422
39431
39436
39438
39441
39461
39470
39486
39493
39527
39532
39533
39534
39542
39543
39549
39551
39556
39560
39566
39576
39602
39609
39623
39628
39633
39641
39644
39648
39651
39657
39660
39673
39686
39701
39706
39712
39719
39723
39724
39731
39735
39737
39744
39750
39755
39770
39788
39789
39802
39814
39836
39849
39861
39862
39902
39909
39911
39921
39925
39929
39949
39953
39969
39976
39978
39985
39993
40009
40016
40021
40025
40034
40059
40060
40061
40076
40082
40103
40121
40129
40139
40147
40150
40161
40178
40185
40187
40197
40208
40211
40212
40227
40241
40244
40247
40252
40257
40260
40266
40267
40279
40298
40307
40308
40318
40332
40334
40336
40339
40358
40369
40373
40387
40421
40436
40458
40468
40471
40528
40562
40572
40590
40591
40607
40608
40609
40647
40666
40668
40702
40706
40732
40734
40751
40755
40777
40784
40785
40812
40854
40857
40859
40862
40867
40872
40887
40895
40898
40908
40932
40951
40960
40978
40991
41017
41021
41034
41039
41040
41045
41057
41058
41069
41075
41081
41094
41119
41135
41151
41166
41175
41184
41217
41254
41256
41267
41284
41296
41316
41322
41324
41335
41340
41341
41372
41383
41390
41400
41408
41413
41419
41424
41430
41435
41447
41450
41451
41455
41465
41469
41472
41493
41508
41518
41524
41526
41528
41540
41552
41570
41583
41585
41588
41593
41594
41621
41627
41637
41648
41651
41674
41706
41708
41721
41728
41729
41755
41757
41766
41779
41784
41796
41811
41868
41873
41897
41913
41919
41927
41930
41931
41935
41946
41970
41971
41976
41982
41990
41991
42004
42012
42029
42037
42051
42068
42079
42110
42111
42114
42118
42122
42139
42146
42148
42155
42173
42174
42182
42186
42197
42234
42239
42241
42275
42284
42290
42292
42294
42307
42329
42345
42346
42348
42373
42380
42383
42395
42406
42407
42421
42429
42432
42444
42458
42468
42481
42482
42485
42503
42512
42533
42588
42606
42607
42614
42618
42626
42641
42655
42677
42685
42698
42761
42770
42777
42778
42792
42802
42827
42828
42838
42850
42856
42883
42910
42913
42921
42930
42942
42958
42981
42987
43004
43005
43023
43025
43035
43042
43047
43057
43074
43075
43079
43080
43086
43094
43106
43112
43126
43135
43144
43147
43153
43171
43175
43179
43186
43193
43225
43228
43232
43235
43253
43258
43276
43280
43319
43328
43331
43368
43370
43373
43377
43379
43383
43401
43417
43425
43437
43439
43483
43488
43492
43496
43502
43511
43519
43525
43532
43533
43537
43540
43542
43549
43550
43553
43558
43574
43576
43578
43592
43606
43628
43646
43666
43672
43689
43690
43698
43708
43713
43715
43718
43729
43739
43744
43757
43762
43768
43770
43774
43803
43818
43826
43835
43837
43849
43860
43870
43887
43900
43934
43949
43959
43987
43994
44011
44017
44020
44032
44040
44041
44044
44054
44092
44098
44106
44107
44132
44143
44171
44180
44205
44215
44232
44244
44259
44285
44307
44317
44328
44334
44335
44346
44366
44399
44425
44439
44444
44457
44460
44465
44469
44481
44485
44505
44513
44530
44541
44559
44560
44565
44572
44591
44633
44650
44751
44756
44765
44768
44780
44783
44786
44790
44809
44812
44815
44831
44842
44847
44858
44859
44865
44873
44877
44879
44892
44907
44914
44920
44921
44923
44949
44952
44966
44975
44985
44993
45019
45021
45024
45025
45042
45052
45056
45076
45097
45102
45110
45116
45122
45164
45178
45191
45199
45202
45207
45213
45216
45217
45229
45284
45309
45317
45318
45321
45390
45399
45417
45425
45443
45445
45446
45453
45461
45466
45468
45469
45475
45493
45520
45524
45526
45536
45539
45546
45553
45569
45570
45595
45600
45605
45612
45641
45648
45650
45695
45704
45711
45724
45745
45747
45775
45828
45837
45840
45850
45864
45884
45886
45916
45929
45937
45943
45955
45958
45965
45967
46023
46044
46088
46089
46112
46117
46121
46125
46130
46133
46134
46139
46140
46141
46143
46177
46180
46191
46199
46218
46225
46230
46244
46256
46266
46269
46298
46310
46322
46325
46337
46344
46347
46350
46351
46352
46364
46366
46380
46382
46386
46402
46405
46449
46462
46471
46477
46482
46505
46511
46543
46546
46559
46564
46565
46575
46585
46588
46599
46607
46618
46623
46626
46680
46682
46690
46722
46724
46729
46754
46761
46766
46781
46782
46792
46810
46813
46835
46845
46847
46852
46863
46867
46872
46876
46879
46896
46897
46901
46923
46938
46946
46955
46965
46968
46976
46997
47008
47017
47018
47023
47026
47063
47076
47085
47103
47106
47115
47131
47136
47139
47150
47155
47189
47197
47206
47207
47225
47227
47231
47247
47252
47253
47256
47260
47295
47296
47307
47314
47322
47324
47334
47350
47381
47391
47409
47425
47440
47449
47455
47458
47467
47487
47489
47492
47500
47509
47511
47556
47562
47568
47572
47632
47634
47639
47642
47644
47658
47668
47676
47680
47684
47699
47716
47721
47733
47736
47761
47785
47798
47800
47807
47829
47830
47836
47853
47864
47875
47881
47887
47888
47889
47897
47928
47942
47956
47958
47963
47965
47967
47973
47981
47983
48002
48003
48051
48058
48059
48067
48070
48087
48092
48109
48113
48119
48120
48121
48136
48156
48166
48168
48170
48186
48195
48198
48202
48244
48249
48260
48273
48278
48316
48335
48342
48377
48379
48389
48392
48399
48403
48427
48471
48473
48483
48485
48494
48497
48516
48522
48542
48546
48564
48565
48567
48570
48583
48607
48620
48624
48652
48654
48670
48680
48687
48691
48718
48725
48728
48739
48743
48745
48749
48780
48785
48808
48820
48823
48824
48856
48858
48893
48901
48927
48932
48933
48948
48954
48978
48984
49016
49020
49023
49024
49034
49043
49045
49051
49059
49076
49083
49128
49136
49138
49142
49167
49242
49246
49250
49266
49275
49299
49306
49311
49320
49321
49348
49360
49363
49383
49385
49387
49390
49394
49400
49430
49432
49446
49449
49464
49474
49476
49480
49481
49482
49502
49504
49515
49532
49534
49550
49551
49558
49560
49585
49588
49589
49621
49623
49630
49647
49651
49670
49697
49704
49705
49715
49722
49726
49738
49742
49752
49755
49765
49772
49776
49782
49801
49821
49831
49840
49852
49862
49884
49887
49902
49906
49917
49928
49934
49937
49942
49944
49947
49948
49951
49952
49956
49967
49982
49983
50021
50029
50044
50054
50058
50078
50079
50080
50089
50115
50118
50130
50139
50155
50157
50177
50186
50203
50223
50233
50242
50256
50293
50324
50332
50343
50349
50352
50357
50383
50392
50399
50414
50425
50427
50435
50449
50450
50453
50462
50466
50488
50489
50501
50512
50520
50524
50533
50544
50555
50566
50582
50591
50599
50633
50645
50668
50674
50683
50688
50691
50747
50753
50760
50815
50840
50845
50861
50879
50892
50910
50918
50928
50939
50952
50958
50967
50968
50972
50977
50980
51001
51008
51021
51025
51029
51040
51041
51048
51053
51064
51067
51074
51075
51084
51090
51091
51095
51096
51103
51107
51123
51129
51148
51155
51156
51158
51171
51175
51177
51185
51208
51223
51227
51229
51230
51235
51249
51252
51271
51278
51283
51284
51299
51317
51318
51322
51328
51342
51354
51359
51384
51398
51402
51410
51424
51438
51450
51464
51474
51475
51480
51497
51502
51517
51518
51529
51537
51556
51567
51575
51587
51623
51632
51636
51644
51652
51656
51668
51671
51674
51688
51703
51704
51725
51727
51748
51749
51753
51755
51759
51762
51819
51823
51863
51868
51874
51880
51889
51915
51936
51946
51951
51952
51967
51970
52008
52024
52034
52041
52068
52079
52088
52098
52109
52115
52116
52119
52124
52139
52145
52151
52173
52175
52179
52199
52203
52222
52223
52241
52246
52259
52263
52264
52267
52270
52278
52283
52286
52294
52317
52321
52335
52349
52382
52383
52409
52427
52435
52438
52443
52472
52475
52483
52484
52524
52534
52539
52542
52571
52582
52583
52586
52589
52592
52609
52652
52653
52664
52685
52708
52713
52716
52719
52721
52742
52744
52766
52779
52785
52789
52800
52809
52812
52818
52821
52822
52843
52844
52855
52865
52878
52880
52889
52893
52895
52904
52909
52917
52919
52925
52930
52932
52936
52952
52958
52962
52963
52971
52993
52994
53007
53026
53032
53041
53042
53047
53053
53060
53065
53069
53078
53087
53088
53101
53108
53113
53127
53133
53163
53173
53180
53188
53191
53194
53195
53198
53204
53231
53240
53247
53252
53253
53263
53267
53269
53276
53282
53286
53310
53311
53328
53334
53346
53368
53373
53383
53391
53394
53408
53412
53420
53429
53431
53457
53465
53473
53487
53502
53515
53527
53532
53540
53543
53557
53562
53574
53576
53593
53600
53635
53639
53642
53648
53651
53655
53668
53671
53672
53695
53728
53755
53757
53800
53813
53826
53831
53846
53851
53858
53862
53863
53866
53892
53903
53906
53946
53951
53956
53959
53990
54004
54019
54021
54022
54026
54030
54055
54057
54058
54062
54080
54082
54084
54095
54101
54126
54127
54128
54144
54158
54159
54166
54169
54180
54197
54199
54224
54230
54238
54241
54257
54271
54274
54277
54281
54287
54302
54308
54315
54317
54321
54333
54339
54345
54349
54376
54378
54380
54384
54400
54406
54421
54426
54434
54441
54448
54456
54461
54464
54467
54470
54492
54493
54496
54500
54519
54532
54542
54552
54559
54563
54568
54575
54586
54591
54598
54605
54608
54639
54640
54646
54655
54688
54702
54718
54729
54738
54741
54749
54766
54768
54774
54790
54804
54821
54831
54832
54833
54836
54864
54874
54898
54918
54920
54929
54933
54935
54946
54951
54953
54963
54972
54986
55012
55020
55025
55026
55027
55046
55049
55065
55097
55100
55104
55106
55115
55120
55124
55132
55136
55140
55167
55168
55171
55179
55182
55186
55191
55195
55207
55213
55215
55245
55276
55278
55286
55292
55298
55320
55328
55335
55340
55350
55369
55370
55377
55386
55387
55388
55396
55397
55408
55417
55441
55444
55450
55451
55456
55463
55465
55469
55470
55471
55472
55476
55486
55499
55527
55546
55558
55564
55571
55584
55587
55592
55597
55598
55606
55610
55616
55617
55622
55648
55654
55657
55659
55668
55672
55676
55687
55693
55699
55705
55710
55711
55721
55730
55733
55737
55742
55744
55748
55791
55801
55805
55807
55849
55857
55866
55869
55886
55889
55890
55891
55916
55929
55934
55943
55948
55959
55961
55972
55976
55979
55984
55994
56005
56006
56029
56039
56040
56047
56059
56064
56066
56072
56082
56088
56095
56121
56129
56131
56137
56149
56163
56166
56184
56190
56201
56246
56257
56258
56303
56304
56320
56335
56361
56369
56381
56410
56419
56421
56425
56458
56462
56467
56507
56509
56525
56542
56546
56632
56662
56667
56686
56698
56706
56711
56716
56719
56723
56744
56762
56768
56782
56789
56803
56804
56806
56822
56831
56856
56857
56862
56867
56871
56885
56886
56889
56894
56899
56910
56920
56925
56943
56946
56964
56980
56997
57002
57008
57018
57022
57031
57054
57061
57085
57096
57100
57108
57127
57132
57140
57141
57161
57180
57223
57251
57282
57308
57327
57330
57340
57357
57370
57381
57407
57412
57420
57456
57458
57478
57481
57491
57497
57501
57508
57515
57528
57535
57540
57583
57585
57592
57603
57606
57614
57629
57655
57660
57678
57683
57705
57713
57716
57719
57720
57725
57726
57733
57741
57742
57745
57747
57786
57788
57807
57818
57819
57824
57854
57888
57894
57905
57910
57918
57922
57950
57953
57958
57965
57985
57988
57992
58014
58015
58028
58032
58037
58048
58060
58063
58072
58073
58077
58082
58083
58087
58091
58103
58108
58131
58150
58152
58154
58174
58190
58201
58214
58250
58258
58260
58264
58268
58270
58278
58281
58283
58296
58318
58320
58321
58325
58332
58334
58354
58362
58366
58368
58391
58396
58398
58410
58411
58415
58425
58495
58530
58541
58542
58562
58578
58597
58598
58601
58610
58616
58633
58636
58639
58647
58649
58656
58675
58720
58730
58755
58759
58780
58787
58794
58808
58815
58830
58831
58835
58848
58857
58862
58864
58870
58887
58899
58910
58927
58938
58943
58966
59005
59009
59024
59042
59065
59070
59072
59079
59083
59092
59124
59137
59149
59162
59176
59187
59192
59199
59202
59229
59235
59239
59240
59257
59261
59271
59273
59285
59290
59310
59318
59333
59337
59339
59341
59358
59369
59380
59401
59409
59430
59439
59445
59485
59486
59487
59495
59504
59518
59538
59543
59558
59564
59581
59595
59614
59620
59632
59637
59649
59661
59665
59680
59693
59699
59711
59739
59748
59756
59769
59778
59790
59797
59805
59817
59826
59840
59843
59849
59851
59853
59860
59863
59885
59919
59929
59933
59955
59969
59987
60043
60048
60083
60090
60113
60127
60134
60157
60167
60176
60180
60191
60198
60199
60205
60218
60222
60239
60246
60274
60275
60288
60296
60315
60320
60325
60328
60339
60355
60371
60379
60397
60412
60413
60415
60426
60433
60436
60439
60445
60479
60499
60504
60506
60513
60514
60524
60534
60557
60563
60566
60568
60571
60585
60587
60602
60607
60614
60617
60619
60624
60632
60637
60640
60644
60645
60658
60659
60668
60671
60679
60690
60692
60711
60713
60739
60748
60752
60753
60773
60797
60806
60819
60823
60830
60855
60860
60871
60931
60938
60953
60957
60973
61002
61004
61050
61053
61081
61093
61098
61099
61102
61111
61115
61119
61144
61151
61152
61157
61179
61189
61190
61191
61207
61221
61235
61250
61257
61272
61292
61317
61324
61325
61326
61373
61396
61406
61442
61444
61450
61454
61479
61485
61489
61494
61500
61507
61512
61516
61540
61546
61555
61565
61581
61588
61592
61593
61609
61614
61619
61640
61646
61653
61654
61662
61669
61677
61679
61705
61717
61719
61722
61726
61734
61764
61767
61771
61776
61792
61793
61818
61825
61849
61852
61862
61889
61896
61899
61913
61935
61967
61969
61987
61996
62000
62007
62015
62016
62022
62027
62033
62040
62042
62065
62071
62075
62078
62079
62085
62097
62099
62117
62129
62161
62169
62170
62171
62172
62179
62187
62191
62197
62214
62239
62244
62249
62256
62264
62266
62274
62275
62290
62293
62298
62337
62346
62348
62353
62362
62407
62433
62435
62438
62452
62454
62482
62499
62503
62507
62510
62530
62537
62546
62547
62551
62554
62559
62566
62579
62583
62590
62597
62602
62608
62624
62628
62640
62674
62691
62697
62700
62712
62714
62730
62743
62745
62746
62753
62764
62766
62771
62778
62781
62784
62792
62795
62796
62799
62801
62821
62831
62840
62843
62866
62880
62892
62898
62902
62917
62918
62931
62952
62957
62966
62981
62982
62987
62995
63021
63026
63034
63035
63042
63065
63103
63104
63113
63119
63126
63132
63135
63137
63139
63144
63172
63190
63192
63201
63214
63222
63223
63236
63247
63261
63263
63269
63277
63287
63288
63291
63302
63337
63339
63346
63361
63366
63370
63374
63380
63398
63414
63436
63442
63448
63454
63473
63475
63477
63484
63492
63511
63514
63537
63538
63541
63550
63561
63594
63623
63625
63630
63633
63638
63639
63640
63642
63666
63675
63698
63719
63727
63731
63762
63768
63771
63807
63808
63815
63817
63857
63881
63898
63908
63921
63927
63950
63951
63955
63963
63976
63993
63997
63999
64018
64020
64027
64029
64032
64045
64055
64058
64076
64078
64079
64109
64119
64134
64135
64141
64186
64189
64200
64203
64206
64230
64238
64240
64264
64278
64281
64284
64309
64310
64313
64333
64339
64344
64345
64352
64354
64365
64370
64371
64397
64398
64404
64473
64480
64483
64484
64502
64509
64517
64523
64526
64546
64553
64569
64590
64631
64639
64641
64642
64646
64670
64674
64686
64698
64699
64701
64702
64706
64725
64734
64736
64743
64747
64760
64762
64773
64795
64801
64814
64816
64831
64849
64851
64859
64886
64932
64991
65004
65007
65019
65049
65059
65077
65080
65089
65108
65123
65130
65136
65156
65158
65166
65175
65183
65207
65208
65214
65216
65223
65230
65233
65241
65252
65253
65330
65333
65360
65366
65368
65370
65391
65393
65396
65416
65418
65443
65455
65467
65472
65500
65509
65510
65543
65555
65557
65559
65569
65573
65582
65590
65593
65597
65640
65647
65648
65650
65652
65658
65664
65665
65704
65714
65731
65736
65741
65756
65782
65833
65858
65891
65895
65901
65938
65939
65942
65945
65963
65971
65978
65980
65995
66025
66026
66038
66045
66059
66072
66078
66090
66097
66107
66113
66121
66146
66147
66155
66171
66183
66188
66189
66202
66210
66212
66219
66236
66244
66252
66256
66281
66287
66304
66310
66322
66342
66345
66349
66362
66375
66380
66382
66383
66390
66396
66410
66419
66423
66425
66426
66434
66445
66447
66449
66459
66462
66487
66488
66489
66494
66501
66509
66557
66569
66589
66593
66615
66657
66670
66671
66679
66688
66694
66711
66718
66731
66734
66742
66754
66755
66757
66763
66769
66777
66780
66815
66825
66849
66853
66863
66877
66898
66902
66903
66905
66916
66925
66930
66950
66954
66955
66956
66989
67002
67007
67009
67019
67029
67031
67046
67063
67067
67072
67104
67113
67124
67125
67130
67143
67200
67201
67202
67218
67220
67224
67237
67242
67246
67251
67261
67262
67268
67274
67280
67314
67321
67328
67330
67331
67334
67344
67359
67364
67380
67386
67398
67403
67415
67436
67442
67447
67458
67463
67472
67489
67516
67519
67530
67538
67542
67547
67548
67549
67550
67569
67586
67588
67593
67600
67611
67616
67626
67665
67670
67682
67688
67701
67702
67709
67717
67719
67723
67753
67761
67763
67769
67772
67777
67778
67785
67797
67803
67808
67812
67814
67815
67816
67819
67823
67838
67853
67859
67886
67895
67917
67931
67933
67944
67949
67974
67975
67982
67990
68003
68019
68022
68026
68029
68031
68044
68058
68070
68072
68097
68104
68117
68146
68147
68150
68159
68165
68171
68194
68199
68226
68233
68240
68247
68248
68249
68252
68255
68265
68274
68278
68280
68305
68318
68319
68320
68321
68354
68357
68361
68368
68370
68404
68416
68421
68428
68431
68432
68440
68441
68442
68510
68511
68512
68535
68539
68542
68547
68556
68560
68572
68575
68576
68580
68584
68593
68601
68602
68605
68607
68633
68648
68667
68678
68690
68693
68695
68709
68725
68728
68746
68747
68753
68759
68760
68764
68765
68766
68772
68773
68787
68788
68796
68840
68855
68859
68861
68870
68903
68908
68949
68955
68975
68991
68996
69002
69015
69024
69026
69049
69051
69096
69105
69114
69121
69147
69171
69188
69192
69193
69226
69229
69242
69256
69259
69277
69279
69287
69293
69331
69333
69336
69349
69356
69375
69379
69384
69386
69393
69394
69426
69435
69439
69441
69442
69445
69453
69470
69472
69481
69485
69497
69501
69505
69507
69517
69518
69524
69531
69549
69578
69590
69591
69621
69650
69651
69652
69656
69674
69675
69677
69692
69695
69725
69728
69730
69739
69759
69780
69782
69792
69820
69837
69845
69871
69887
69912
69932
69935
69946
69950
69953
69957
69971
70026
70034
70045
70046
70047
70057
70062
70063
70068
70080
70096
70114
70117
70120
70121
70129
70130
70135
70138
70179
70186
70194
70207
70209
70216
70225
70242
70251
70254
70256
70262
70265
70266
70270
70277
70281
70292
70302
70308
70317
70323
70332
70351
70379
70394
70405
70412
70414
70427
70443
70448
70451
70473
70474
70482
70531
70532
70545
70564
70566
70587
70594
70598
70604
70607
70610
70633
70636
70665
70692
70710
70712
70714
70715
70726
70728
70748
70751
70769
70779
70789
70791
70801
70815
70829
70832
70834
70851
70856
70875
70882
70888
70916
70933
70935
70937
70941
70945
70964
70966
70973
70979
70984
70989
70995
71006
71015
71020
71021
71022
71026
71029
71032
71043
71044
71055
71056
71061
71068
71077
71082
71083
71088
71092
71104
71105
71124
71126
71129
71135
71137
71149
71152
71166
71184
71210
71217
71231
71234
71246
71256
71257
71275
71279
71301
71303
71346
71358
71372
71375
71401
71414
71423
71450
71451
71452
71465
71472
71480
71487
71491
71496
71497
71506
71526
71538
71558
71579
71583
71598
71611
71637
71639
71640
71649
71673
71678
71686
71699
71704
71706
71710
71725
71734
71735
71753
71755
71767
71771
71810
71814
71818
71820
71835
71837
71857
71860
71876
71891
71929
71942
71947
71953
71965
71973
71977
71995
72006
72023
72035
72039
72045
72048
72054
72055
72075
72080
72087
72103
72111
72121
72122
72133
72152
72157
72160
72171
72196
72197
72200
72216
72235
72244
72251
72266
72305
72310
72325
72332
72337
72342
72352
72358
72361
72364
72370
72380
72382
72390
72396
72403
72408
72412
72425
72426
72427
72442
72443
72445
72453
72456
72467
72469
72470
72482
72483
72484
72500
72509
72512
72519
72531
72532
72555
72563
72583
72605
72645
72651
72662
72664
72665
72666
72669
72708
72716
72731
72741
72789
72793
72800
72830
72831
72846
72848
72863
72879
72887
72891
72902
72903
72917
72939
72949
72950
72974
72981
73000
73001
73023
73033
73034
73035
73050
73058
73062
73063
73073
73084
73095
73114
73116
73121
73136
73141
73157
73170
73175
73176
73181
73186
73195
73205
73213
73216
73218
73223
73230
73231
73237
73240
73259
73260
73261
73267
73287
73292
73299
73304
73308
73312
73324
73336
73350
73367
73369
73388
73389
73403
73408
73421
73430
73431
73484
73487
73498
73502
73504
73509
73513
73525
73526
73534
73536
73539
73541
73544
73570
73579
73588
73601
73629
73631
73646
73663
73669
73671
73675
73682
73693
73696
73719
73727
73733
73740
73752
73760
73772
73777
73783
73788
73789
73810
73815
73817
73821
73828
73844
73849
73869
73891
73905
73915
73916
73918
73919
73928
73948
73959
73983
73985
73987
74002
74011
74030
74056
74063
74075
74089
74096
74104
74115
74117
74151
74164
74165
74173
74182
74185
74186
74188
74204
74227
74255
74261
74264
74275
74283
74288
74290
74308
74328
74336
74337
74342
74352
74375
74406
74422
74424
74450
74456
74463
74475
74476
74477
74478
74479
74480
74482
74486
74499
74502
74513
74526
74530
74539
74549
74559
74580
74584
74610
74617
74619
74621
74626
74635
74636
74640
74691
74701
74712
74721
74722
74739
74772
74774
74783
74790
74792
74804
74809
74821
74824
74865
74871
74880
74884
74896
74899
74911
74922
74926
74927
74935
74955
74971
74973
74987
74991
75009
75027
75034
75039
75047
75049
75054
75059
75065
75077
75081
75084
75088
75090
75106
75112
75118
75152
75157
75158
75162
75174
75188
75197
75207
75240
75244
75259
75262
75264
75266
75273
75279
75283
75293
75295
75296
75315
75317
75323
75337
75339
75357
75365
75366
75367
75383
75395
75410
75414
75416
75421
75426
75429
75451
75452
75466
75477
75498
75505
75511
75591
75601
75603
75605
75610
75613
75637
75641
75643
75667
75672
75681
75689
75691
75705
75710
75724
75727
75736
75747
75752
75755
75765
75799
75835
75854
75859
75867
75880
75905
75907
75924
75945
75976
75978
75980
75990
76052
76078
76081
76092
76104
76106
76112
76114
76122
76129
76139
76148
76151
76159
76160
76162
76165
76185
76201
76216
76233
76238
76249
76250
76261
76283
76316
76318
76348
76350
76351
76358
76429
76433
76445
76471
76482
76483
76495
76502
76511
76518
76526
76539
76540
76553
76567
76571
76573
76574
76575
76577
76580
76581
76585
76600
76608
76614
76615
76623
76628
76629
76631
76636
76661
76673
76691
76714
76716
76721
76727
76750
76756
76759
76800
76809
76827
76830
76832
76833
76834
76836
76848
76891
76897
76910
76912
76921
76926
76934
76982
76990
76991
77006
77032
77036
77042
77052
77058
77059
77082
77083
77106
77108
77118
77145
77146
77149
77166
77179
77198
77204
77217
77227
77233
77234
77279
77288
77289
77291
77302
77308
77324
77342
77353
77376
77380
77393
77402
77404
77416
77433
77445
77446
77449
77454
77460
77462
77464
77495
77496
77510
77513
77533
77535
77539
77545
77546
77548
77549
77550
77553
77556
77600
77603
77607
77617
77623
77624
77631
77633
77637
77639
77642
77669
77682
77686
77699
77701
77707
77713
77715
77719
77732
77741
77744
77749
77764
77783
77792
77793
77808
77820
77855
77856
77861
77869
77913
77921
77922
77937
77945
77957
77959
77986
77997
78009
78016
78024
78034
78039
78077
78079
78081
78107
78109
78113
78115
78120
78125
78129
78130
78144
78145
78150
78173
78176
78178
78195
78201
78229
78247
78256
78258
78269
78297
78307
78308
78317
78351
78354
78365
78369
78378
78380
78381
78383
78384
78391
78396
78400
78407
78424
78432
78440
78441
78469
78483
78484
78521
78532
78539
78542
78545
78562
78569
78570
78578
78584
78596
78603
78605
78608
78624
78630
78633
78634
78645
78647
78654
78696
78698
78700
78705
78707
78712
78713
78751
78764
78767
78773
78774
78780
78786
78794
78796
78811
78826
78838
78849
78861
78862
78863
78915
78930
78932
78938
78988
78992
78996
79027
79029
79038
79051
79074
79077
79100
79107
79113
79120
79122
79128
79129
79132
79149
79151
79152
79157
79167
79173
79190
79210
79219
79222
79227
79241
79242
79248
79257
79266
79296
79299
79300
79327
79342
79343
79354
79378
79383
79400
79403
79415
79445
79464
79467
79480
79486
79510
79520
79531
79539
79541
79550
79556
79567
79572
79579
79581
79584
79602
79616
79629
79636
79638
79658
79659
79661
79707
79710
79712
79714
79719
79721
79733
79765
79769
79785
79805
79806
79815
79833
79849
79857
79859
79863
79866
79884
79908
79923
79924
79936
79937
79951
79971
79983
79996
80016
80024
80027
80032
80038
80040
80055
80069
80099
80105
80113
80124
80131
80133
80139
80148
80149
80185
80206
80207
80209
80210
80224
80230
80240
80242
80244
80247
80254
80257
80258
80270
80311
80348
80356
80359
80361
80374
80386
80388
80391
80398
80401
80402
80403
80413
80418
80427
80430
80437
80453
80475
80477
80480
80491
80494
80504
80505
80512
80543
80556
80560
80562
80574
80583
80587
80604
80609
80614
80620
80657
80691
80696
80697
80712
80713
80717
80719
80724
80725
80726
80747
80755
80767
80782
80783
80790
80796
80799
80818
80854
80876
80912
80923
80929
80952
80964
80966
80967
80970
80971
80977
80980
80985
80992
80998
81001
81011
81012
81013
81022
81028
81035
81082
81083
81093
81097
81103
81108
81120
81122
81125
81126
81138
81148
81154
81168
81186
81194
81198
81208
81214
81216
81222
81229
81231
81234
81272
81275
81285
81298
81299
81310
81313
81315
81318
81321
81337
81372
81399
81423
81425
81428
81433
81443
81444
81451
81454
81459
81472
81479
81480
81492
81501
81511
81531
81532
81541
81556
81570
81572
81574
81580
81603
81605
81618
81635
81646
81653
81654
81669
81681
81688
81711
81712
81715
81720
81737
81755
81760
81766
81767
81778
81791
81793
81795
81805
81807
81822
81826
81841
81844
81845
81846
81850
81855
81857
81861
81867
81868
81879
81895
81898
81922
81930
81937
81944
81949
81961
81990
82001
82002
82029
82030
82042
82044
82045
82073
82077
82079
82080
82083
82087
82114
82115
82133
82136
82145
82149
82157
82166
82168
82184
82188
82191
82196
82197
82209
82210
82236
82237
82242
82244
82247
82252
82253
82256
82270
82278
82287
82288
82304
82325
82326
82337
82339
82345
82363
82370
82376
82378
82397
82403
82404
82406
82407
82428
82432
82434
82435
82439
82466
82468
82473
82477
82478
82493
82503
82504
82506
82509
82512
82521
82532
82538
82543
82546
82552
82558
82562
82568
82581
82584
82603
82604
82606
82615
82620
82644
82664
82688
82690
82697
82713
82716
82722
82723
82741
82747
82759
82763
82777
82796
82808
82812
82827
82828
82846
82847
82857
82858
82869
82873
82883
82893
82904
82925
82929
82934
82936
82948
82985
82991
82994
83011
83034
83049
83062
83063
83064
83066
83083
83093
83094
83104
83112
83114
83116
83117
83120
83139
83143
83166
83177
83192
83196
83197
83200
83221
83226
83246
83249
83257
83271
83276
83291
83325
83326
83334
83361
83364
83381
83392
83412
83413
83425
83458
83460
83461
83474
83497
83505
83514
83543
83551
83571
83586
83599
83604
83605
83620
83633
83639
83647
83657
83659
83662
83670
83678
83683
83694
83707
83714
83724
83736
83741
83744
83756
83759
83770
83802
83809
83843
83860
83865
83866
83869
83877
83896
83921
83946
83956
83961
83968
83982
83990
84005
84016
84017
84022
84049
84064
84065
84074
84085
84092
84094
84099
84103
84117
84121
84126
84141
84144
84149
84160
84184
84193
84198
84209
84214
84219
84238
84247
84250
84256
84274
84285
84288
84291
84295
84297
84308
84325
84340
84353
84364
84369
84370
84371
84395
84403
84413
84421
84422
84423
84426
84442
84446
84469
84482
84483
84484
84500
84525
84534
84538
84542
84548
84560
84596
84600
84616
84621
84668
84669
84678
84684
84689
84690
84693
84699
84701
84706
84718
84729
84731
84733
84753
84758
84767
84772
84775
84779
84797
84801
84805
84830
84831
84836
84847
84849
84870
84874
84888
84912
84916
84937
84942
84950
84964
84966
84980
84981
84990
85032
85041
85065
85072
85074
85075
85082
85085
85086
85131
85150
85155
85169
85180
85182
85183
85195
85206
85221
85226
85258
85270
85274
85276
85279
85287
85288
85319
85337
85341
85354
85368
85396
85401
85428
85435
85440
85464
85473
85478
85480
85482
85485
85510
85528
85538
85540
85547
85551
85569
85580
85583
85612
85614
85619
85622
85626
85641
85650
85656
85664
85666
85671
85678
85694
85695
85705
85709
85718
85747
85752
85762
85792
85794
85800
85803
85814
85816
85828
85862
85868
85882
85886
85897
85909
85935
85967
85992
86011
86012
86017
86018
86021
86037
86070
86077
86091
86105
86108
86111
86117
86118
86119
86131
86170
86176
86186
86200
86201
86211
86224
86233
86255
86267
86269
86277
86283
86302
86317
86327
86344
86356
86366
86376
86380
86382
86388
86397
86404
86418
86426
86427
86438
86444
86446
86450
86458
86473
86477
86495
86502
86511
86517
86549
86553
86561
86565
86570
86581
86597
86600
86609
86610
86630
86654
86674
86683
86690
86712
86730
86739
86747
86759
86760
86771
86775
86796
86801
86802
86810
86817
86820
86836
86848
86855
86863
86865
86871
86874
86885
86906
86908
86910
86940
86948
86951
86963
86967
86974
86987
87001
87015
87027
87056
87073
87084
87086
87096
87097
87102
87116
87145
87164
87195
87196
87197
87204
87218
87220
87236
87239
87250
87255
87263
87285
87297
87299
87304
87325
87339
87349
87355
87377
87382
87401
87422
87432
87444
87457
87467
87474
87477
87488
87515
87527
87528
87532
87536
87541
87544
87548
87559
87566
87570
87597
87599
87607
87614
87621
87625
87626
87628
87653
87666
87698
87718
87732
87748
87753
87761
87763
87787
87793
87805
87808
87863
87879
87890
87900
87906
87907
87908
87911
87917
87918
87925
87943
87944
87945
87957
87962
87993
88007
88018
88025
88033
88040
88061
88066
88086
88088
88089
88090
88091
88100
88108
88127
88132
88136
88152
88156
88160
88163
88168
88172
88190
88233
88250
88260
88261
88269
88271
88302
88313
88321
88325
88334
88337
88342
88349
88353
88358
88361
88363
88366
88389
88396
88405
88409
88414
88423
88425
88432
88436
88442
88443
88458
88472
88478
88493
88495
88501
88508
88525
88538
88544
88574
88576
88578
88583
88597
88600
88601
88615
88623
88629
88661
88664
88680
88686
88689
88691
88715
88722
88723
88729
88740
88743
88746
88747
88766
88767
88784
88790
88802
88805
88807
88812
88825
88827
88851
88874
88888
88895
88898
88907
88908
88914
88915
88944
88984
88985
88989
88990
88991
89007
89009
89047
89052
89057
89085
89088
89136
89150
89152
89162
89163
89169
89170
89178
89181
89188
89197
89210
89212
89224
89225
89246
89263
89294
89297
89300
89302
89310
89313
89316
89327
89334
89348
89350
89363
89366
89379
89407
89410
89435
89439
89441
89450
89462
89485
89487
89492
89496
89499
89518
89519
89527
89529
89532
89547
89558
89560
89570
89574
89581
89584
89586
89596
89616
89621
89626
89632
89636
89637
89647
89648
89660
89678
89687
89714
89718
89719
89722
89724
89733
89743
89749
89750
89757
89760
89770
89782
89803
89810
89812
89827
89839
89849
89862
89863
89865
89868
89888
89909
89912
89918
89923
89938
89949
89954
89962
89977
89988
89990
89991
89994
90000
90001
90006
90007
90015
90031
90034
90037
90045
90063
90075
90076
90078
90085
90097
90109
90111
90134
90139
90146
90164
90165
90172
90183
90195
90220
90229
90234
90237
90249
90269
90277
90282
90296
90299
90308
90310
90311
90321
90355
90363
90372
90374
90378
90392
90396
90403
90410
90420
90433
90450
90462
90502
90506
90509
90510
90515
90516
90530
90546
90579
90589
90596
90600
90605
90610
90613
90614
90631
90632
90633
90640
90662
90679
90680
90694
90697
90703
90750
90762
90765
90769
90770
90772
90774
90792
90800
90811
90814
90820
90821
90830
90841
90848
90849
90903
90914
90923
90926
90927
90933
90944
90952
90956
90968
90978
90999
91002
91014
91017
91019
91029
91037
91048
91053
91063
91069
91071
91072
91074
91075
91077
91080
91086
91103
91108
91110
91130
91137
91153
91155
91159
91160
91161
91172
91173
91184
91193
91212
91227
91246
91269
91279
91284
91296
91302
91306
91311
91315
91318
91342
91346
91350
91370
91375
91384
91386
91395
91397
91401
91403
91424
91434
91446
91462
91473
91477
91478
91493
91540
91549
91559
91562
91576
91600
91610
91614
91629
91631
91638
91657
91678
91701
91727
91733
91739
91753
91754
91755
91758
91785
91788
91793
91797
91810
91828
91838
91839
91868
91882
91892
91894
91904
91909
91925
91928
91937
91952
91956
91972
91976
91983
91988
91996
92006
92007
92030
92033
92046
92063
92092
92096
92101
92103
92115
92149
92160
92169
92170
92188
92194
92211
92212
92213
92236
92243
92278
92293
92306
92313
92317
92319
92323
92343
92345
92358
92381
92394
92396
92409
92429
92431
92460
92461
92463
92467
92473
92483
92486
92489
92491
92505
92510
92536
92615
92630
92638
92651
92661
92669
92671
92680
92688
92704
92712
92716
92721
92732
92738
92756
92764
92777
92805
92808
92817
92826
92833
92834
92841
92843
92852
92861
92898
92929
92935
92940
92944
92956
92980
92990
92991
92999
93006
93027
93055
93061
93064
93072
93073
93076
93079
93091
93098
93105
93106
93107
93157
93177
93187
93201
93211
93237
93249
93260
93276
93326
93328
93339
93345
93361
93368
93376
93380
93384
93390
93398
93417
93419
93426
93430
93433
93437
93440
93452
93453
93455
93456
93466
93476
93501
93502
93503
93509
93523
93536
93542
93548
93551
93552
93556
93558
93569
93570
93573
93601
93611
93613
93620
93628
93632
93637
93642
93659
93690
93696
93697
93710
93725
93741
93743
93768
93769
93771
93774
93784
93792
93802
93812
93816
93820
93834
93854
93859
93869
93889
93890
93891
93896
93901
93915
93917
93925
93937
93947
93973
94034
94035
94049
94056
94060
94065
94089
94091
94100
94101
94120
94121
94132
94160
94167
94168
94172
94179
94210
94234
94244
94247
94264
94274
94296
94299
94306
94309
94315
94319
94321
94371
94378
94386
94397
94407
94414
94434
94440
94444
94472
94474
94477
94480
94492
94493
94495
94496
94508
94521
94530
94533
94536
94541
94561
94565
94567
94573
94577
94587
94594
94597
94619
94623
94630
94636
94646
94651
94668
94669
94678
94688
94715
94720
94731
94747
94751
94757
94773
94796
94813
94825
94839
94840
94865
94890
94912
94923
94952
94953
94963
94968
94975
94979
94995
95002
95010
95023
95025
95058
95064
95071
95082
95094
95105
95112
95113
95123
95129
95131
95146
95157
95164
95165
95169
95171
95175
95178
95191
95211
95224
95235
95265
95267
95274
95288
95313
95315
95318
95320
95326
95354
95358
95367
95368
95372
95385
95393
95395
95411
95430
95447
95465
95467
95468
95471
95507
95512
95524
95527
95546
95551
95569
95592
95608
95613
95618
95633
95636
95650
95663
95666
95681
95686
95688
95698
95703
95734
95736
95755
95764
95766
95773
95781
95789
95790
95791
95796
95799
95805
95811
95820
95821
95824
95841
95844
95869
95875
95902
95915
95925
95928
95951
95959
95970
95974
95999
96004
96038
96039
96047
96064
96099
96112
96114
96120
96130
96131
96138
96154
96161
96170
96196
96220
96224
96236
96251
96271
96272
96279
96283
96285
96313
96337
96340
96345
96355
96364
96381
96416
96424
96428
96454
96457
96476
96484
96495
96524
96528
96536
96550
96554
96560
96561
96584
96585
96597
96606
96608
96611
96613
96617
96626
96635
96639
96651
96652
96657
96677
96683
96703
96718
96720
96729
96732
96739
96748
96754
96756
96759
96762
96766
96770
96775
96781
96792
96795
96809
96811
96827
96839
96840
96850
96869
96871
96881
96885
96893
96895
96906
96920
96957
96964
96969
96996
97008
97012
97014
97019
97025
97037
97052
97074
97080
97096
97098
97117
97122
97140
97146
97165
97166
97178
97181
97196
97201
97206
97212
97220
97235
97239
97248
97252
97265
97275
97307
97343
97365
97366
97374
97382
97394
97412
97413
97419
97427
97433
97456
97468
97472
97475
97494
97496
97504
97511
97513
97518
97533
97534
97540
97543
97551
97557
97581
97587
97594
97603
97604
97608
97621
97627
97649
97656
97658
97659
97661
97665
97676
97692
97711
97718
97723
97725
97731
97736
97747
97752
97779
97822
97838
97851
97854
97874
97881
97892
97917
97920
97926
97952
97959
97967
97968
97970
97984
97989
97994
98005
98041
98044
98077
98091
98094
98095
98097
98105
98133
98134
98141
98144
98147
98163
98184
98186
98191
98192
98195
98204
98214
98223
98225
98226
98232
98234
98267
98318
98321
98325
98336
98340
98358
98378
98383
98386
98391
98399
98406
98410
98419
98422
98423
98432
98440
98444
98453
98457
98465
98472
98477
98480
98486
98489
98492
98511
98534
98544
98556
98578
98581
98589
98595
98596
98597
98605
98616
98618
98621
98641
98642
98666
98691
98695
98707
98754
98768
98784
98790
98793
98797
98821
98826
98839
98847
98874
98877
98901
98906
98930
98933
98940
98946
98951
98961
98962
98974
98977
98979
98991
98993
98997
99000
99013
99014
99019
99020
99024
99029
99041
99043
99069
99071
99072
99076
99081
99087
99103
99125
99130
99144
99177
99185
99214
99219
99220
99237
99260
99261
99265
99270
99271
99273
99275
99282
99295
99307
99314
99315
99317
99324
99326
99337
99349
99351
99357
99359
99362
99413
99432
99437
99438
99446
99464
99492
99497
99524
99527
99530
99537
99541
99564
99565
99579
99591
99592
99601
99605
99607
99624
99626
99634
99648
99652
99655
99662
99667
99678
99684
99690
99693
99703
99711
99739
99740
99762
99768
99777
99784
99785
99791
99796
99805
99830
99832
99836
99842
99850
99854
99887
99896
99920
99925
99927
99928
99930
99932
99942
99948
99949
99953
99959
99973
99985