1
2
3
5
7
9
10
11
12
13
14
16
17
19
20
22
24
26
28
29
35
36
38
40
44
45
48
49
51
56
58
59
61
63
64
66
67
68
70
71
73
74
78
79
80
81
82
83
89
90
91
92
93
94
96
98
101
103
104
105
109
113
114
115
121
122
123
125
126
131
135
139
140
141
145
146
147
149
150
151
152
156
159
160
162
164
167
168
171
173
176
177
181
183
184
186
193
194
195
196
197
200
202
203
206
208
209
210
211
212
213
214
215
219
223
225
227
228
231
237
238
239
240
245
246
250
251
254
255
256
258
259
260
261
262
266
268
270
272
273
274
276
277
278
280
281
283
284
286
287
288
289
291
296
297
299
300
301
303
306
309
311
312
313
314
315
317
318
322
324
325
329
330
332
333
337
338
339
344
347
348
349
351
355
357
361
366
367
368
369
371
372
374
378
382
383
384
385
386
388
391
393
395
396
398
399
400
402
404
407
408
410
412
413
414
417
418
421
423
425
426
427
428
429
431
432
434
437
441
442
443
445
447
448
449
450
453
454
457
460
463
467
468
469
471
472
473
474
478
479
484
485
487
488
490
494
495
500
503
504
508
512
514
515
516
518
521
523
524
525
527
529
530
531
532
533
534
536
539
540
542
543
545
548
550
552
559
560
561
563
566
568
569
570
573
577
579
580
586
593
595
596
597
601
602
605
606
607
608
609
610
615
616
617
620
622
624
625
626
627
629
630
631
633
634
635
636
637
638
639
641
643
644
645
647
648
651
652
653
657
658
663
664
670
675
676
677
680
681
682
683
684
685
688
690
691
696
701
703
705
709
712
714
717
720
724
729
731
732
733
735
736
738
739
743
746
747
749
750
751
752
755
756
757
758
760
762
763
766
770
771
776
777
779
780
785
786
788
791
793
794
799
800
802
805
809
810
813
814
817
818
820
826
827
828
832
835
837
838
841
843
845
847
849
853
860
861
862
865
866
869
870
873
876
877
882
885
887
888
891
892
893
894
899
901
902
903
905
909
912
915
916
925
926
927
928
930
931
932
933
934
935
938
939
941
942
943
944
946
947
948
952
954
955
956
958
959
963
965
968
971
975
976
978
980
981
982
986
987
988
989
991
993
997
999
1000
1002
1004
1005
1006
1009
1011
1014
1015
1018
1022
1023
1025
1026
1027
1028
1030
1031
1032
1040
1042
1043
1045
1046
1049
1055
1057
1059
1062
1064
1066
1067
1070
1072
1074
1075
1079
1082
1084
1087
1089
1093
1096
1099
1103
1104
1106
1108
1109
1110
1111
1114
1115
1121
1123
1124
1125
1129
1136
1137
1139
1142
1145
1146
1147
1148
1150
1151
1153
1154
1156
1157
1158
1159
1160
1162
1164
1165
1167
1168
1169
1172
1175
1176
1177
1179
1180
1181
1182
1188
1190
1191
1192
1196
1197
1198
1200
1201
1204
1207
1208
1214
1216
1219
1222
1225
1226
1227
1231
1232
1233
1234
1235
1236
1238
1239
1245
1247
1249
1250
1253
1254
1256
1257
1259
1261
1262
1263
1264
1265
1266
1267
1269
1270
1274
1277
1278
1279
1281
1282
1283
1284
1288
1289
1290
1291
1295
1296
1297
1299
1303
1304
1305
1306
1308
1311
1313
1317
1318
1321
1322
1323
1324
1326
1328
1331
1332
1333
1334
1335
1337
1338
1340
1348
1349
1350
1352
1353
1355
1357
1361
1362
1363
1367
1368
1369
1372
1375
1376
1377
1379
1380
1384
1385
1390
1396
1398
1399
1401
1404
1409
1411
1412
1414
1415
1417
1418
1420
1422
1424
1425
1426
1429
1431
1432
1433
1434
1438
1439
1443
1445
1446
1447
1449
1450
1451
1456
1457
1461
1464
1465
1466
1468
1473
1476
1477
1479
1485
1487
1489
1495
1497
1499
1500
1502
1504
1506
1512
1513
1514
1515
1517
1518
1519
1521
1522
1523
1524
1525
1526
1527
1528
1529
1530
1532
1534
1535
1536
1538
1539
1541
1544
1548
1551
1552
1554
1559
1560
1561
1562
1563
1567
1571
1572
1575
1578
1579
1580
1582
1585
1586
1587
1589
1590
1594
1596
1597
1598
1599
1601
1602
1604
1605
1606
1608
1609
1612
1613
1617
1619
1621
1622
1625
1627
1629
1630
1633
1634
1635
1640
1643
1645
1646
1648
1649
1650
1652
1653
1655
1656
1657
1663
1664
1665
1670
1671
1672
1673
1674
1675
1677
1679
1680
1681
1684
1688
1690
1693
1694
1696
1697
1699
1702
1705
1706
1707
1708
1709
1714
1715
1717
1721
1722
1723
1724
1725
1727
1728
1729
1730
1731
1734
1735
1736
1737
1738
1740
1741
1743
1746
1748
1749
1750
1751
1755
1756
1758
1759
1760
1762
1766
1767
1768
1773
1776
1777
1780
1781
1782
1786
1787
1788
1790
1792
1793
1795
1798
1800
1801
1806
1808
1811
1812
1814
1815
1818
1819
1822
1823
1824
1828
1829
1832
1833
1836
1838
1840
1842
1843
1844
1847
1848
1850
1851
1852
1855
1856
1857
1858
1859
1861
1862
1863
1864
1865
1868
1869
1870
1871
1872
1873
1876
1878
1882
1883
1884
1885
1886
1887
1888
1889
1891
1892
1894
1895
1896
1897
1898
1899
1900
1902
1905
1906
1908
1910
1911
1912
1913
1914
1918
1921
1922
1925
1926
1927
1928
1930
1931
1933
1936
1938
1939
1940
1942
1945
1948
1950
1951
1954
1956
1958
1959
1960
1961
1965
1969
1970
1972
1973
1977
1979
1983
1985
1986
1991
1992
1994
1996
1997
1998
2001
2002
2004
2005
2006
2012
2015
2016
2017
2019
2021
2023
2024
2025
2026
2027
2028
2029
2030
2031
2032
2034
2035
2036
2038
2039
2040
2042
2043
2045
2047
2049
2050
2051
2053
2055
2059
2060
2061
2064
2065
2066
2067
2068
2069
2070
2071
2072
2073
2078
2081
2082
2086
2088
2090
2092
2094
2099
2101
2102
2103
2104
2106
2107
2111
2114
2116
2117
2118
2122
2123
2124
2125
2127
2134
2136
2139
2140
2142
2143
2146
2147
2148
2150
2152
2156
2160
2161
2162
2167
2168
2171
2172
2174
2178
2180
2184
2185
2188
2191
2192
2193
2199
2200
2207
2208
2210
2211
2213
2215
2216
2219
2222
2223
2225
2227
2228
2232
2235
2238
2239
2241
2243
2247
2248
2250
2251
2253
2255
2259
2262
2263
2264
2266
2269
2272
2273
2276
2278
2279
2280
2282
2283
2284
2286
2288
2290
2291
2293
2294
2296
2297
2298
2299
2300
2301
2302
2305
2308
2309
2311
2312
2313
2315
2319
2320
2321
2322
2323
2324
2327
2330
2332
2333
2335
2336
2341
2342
2347
2351
2353
2356
2357
2362
2363
2364
2366
2367
2368
2369
2370
2372
2373
2374
2375
2376
2379
2381
2382
2385
2386
2389
2391
2393
2395
2397
2399
2401
2403
2404
2406
2407
2408
2409
2411
2412
2414
2415
2417
2418
2421
2422
2424
2425
2426
2427
2428
2429
2430
2431
2433
2437
2440
2441
2442
2443
2446
2447
2451
2453
2454
2456
2457
2462
2463
2468
2470
2471
2474
2475
2477
2478
2480
2485
2486
2487
2489
2490
2494
2495
2496
2497
2499
2500
2502
2503
2504
2505
2506
2509
2511
2513
2515
2516
2519
2521
2522
2524
2525
2526
2528
2529
2532
2534
2535
2538
2539
2541
2543
2544
2545
2546
2547
2548
2551
2552
2553
2561
2563
2566
2572
2574
2578
2579
2581
2582
2583
2585
2587
2588
2591
2592
2595
2598
2602
2604
2606
2607
2608
2609
2610
2611
2613
2616
2618
2619
2620
2621
2622
2623
2625
2626
2627
2631
2634
2638
2641
2644
2645
2646
2648
2649
2650
2651
2652
2653
2654
2656
2658
2659
2663
2664
2665
2666
2668
2669
2670
2671
2672
2673
2674
2676
2679
2680
2681
2684
2685
2689
2690
2692
2698
2700
2702
2703
2704
2706
2707
2709
2710
2716
2718
2723
2727
2730
2731
2732
2733
2735
2736
2738
2740
2742
2750
2751
2752
2756
2758
2761
2764
2767
2768
2769
2770
2771
2772
2778
2779
2782
2784
2786
2787
2790
2792
2793
2794
2797
2798
2800
2804
2805
2806
2807
2810
2811
2812
2814
2815
2818
2819
2821
2822
2824
2825
2827
2828
2832
2833
2835
2837
2838
2839
2842
2843
2844
2846
2847
2849
2850
2851
2853
2855
2856
2859
2861
2863
2864
2866
2867
2871
2872
2873
2874
2875
2876
2877
2878
2879
2880
2881
2883
2885
2886
2888
2889
2890
2891
2893
2894
2895
2898
2901
2902
2904
2905
2906
2908
2909
2910
2913
2915
2917
2918
2919
2920
2922
2923
2925
2930
2931
2933
2934
2935
2936
2941
2942
2944
2945
2946
2947
2948
2949
2950
2951
2953
2954
2955
2956
2959
2961
2964
2965
2966
2967
2974
2975
2977
2978
2979
2980
2981
2982
2986
2987
2989
2990
2991
2996
2997
2998
2999
3001
3003
3004
3008
3010
3011
3015
3016
3018
3022
3024
3026
3027
3028
3029
3030
3031
3032
3033
3034
3036
3037
3043
3048
3050
3051
3053
3058
3063
3067
3068
3069
3070
3072
3073
3075
3077
3078
3080
3083
3084
3086
3087
3093
3094
3097
3098
3099
3100
3102
3103
3104
3108
3113
3114
3119
3120
3123
3127
3129
3130
3132
3133
3134
3135
3140
3141
3144
3146
3151
3152
3154
3157
3158
3160
3161
3162
3163
3172
3176
3179
3180
3183
3187
3189
3191
3192
3198
3200
3203
3207
3208
3213
3215
3216
3217
3218
3219
3225
3232
3234
3235
3238
3241
3242
3243
3244
3248
3249
3252
3253
3256
3257
3259
3260
3261
3262
3265
3266
3270
3271
3277
3278
3279
3281
3283
3284
3288
3297
3298
3301
3302
3303
3306
3307
3308
3310
3311
3318
3323
3324
3326
3327
3329
3330
3331
3335
3339
3340
3341
3342
3343
3345
3346
3349
3350
3353
3355
3361
3363
3364
3365
3366
3367
3368
3369
3371
3373
3377
3378
3380
3381
3383
3384
3387
3391
3392
3393
3396
3397
3398
3400
3401
3402
3403
3407
3408
3409
3410
3411
3412
3413
3414
3417
3420
3421
3422
3423
3424
3425
3428
3430
3432
3437
3440
3441
3442
3446
3448
3449
3450
3455
3457
3458
3459
3460
3464
3467
3470
3471
3472
3475
3479
3480
3482
3483
3484
3487
3488
3489
3490
3492
3493
3494
3495
3497
3499
3502
3504
3506
3507
3509
3511
3513
3514
3515
3517
3518
3519
3521
3523
3524
3525
3526
3527
3529
3530
3532
3533
3536
3537
3538
3540
3542
3543
3544
3546
3547
3548
3549
3550
3552
3554
3555
3557
3558
3563
3564
3566
3567
3568
3570
3571
3572
3573
3574
3577
3579
3581
3582
3583
3584
3585
3586
3589
3591
3592
3594
3598
3600
3601
3602
3603
3604
3605
3606
3607
3608
3610
3612
3616
3621
3622
3624
3625
3626
3632
3634
3637
3643
3645
3646
3647
3648
3653
3654
3655
3657
3659
3661
3663
3666
3667
3669
3670
3675
3679
3685
3687
3690
3691
3692
3693
3696
3699
3700
3702
3703
3704
3705
3706
3708
3709
3710
3711
3713
3717
3718
3719
3720
3722
3724
3726
3727
3730
3731
3733
3737
3741
3742
3743
3744
3747
3749
3757
3758
3759
3761
3762
3763
3764
3765
3766
3767
3768
3769
3771
3776
3777
3779
3780
3782
3784
3786
3787
3788
3789
3790
3792
3794
3797
3799
3801
3803
3806
3808
3809
3812
3816
3817
3818
3820
3821
3826
3829
3832
3836
3838
3839
3843
3845
3846
3847
3848
3849
3851
3852
3854
3856
3857
3858
3859
3860
3861
3864
3866
3867
3870
3876
3877
3879
3881
3884
3885
3886
3889
3891
3892
3893
3895
3897
3900
3902
3903
3905
3906
3907
3908
3909
3910
3911
3912
3915
3916
3917
3919
3923
3925
3927
3929
3932
3933
3936
3937
3938
3940
3943
3946
3947
3952
3953
3955
3956
3959
3960
3961
3963
3965
3968
3969
3971
3973
3974
3975
3977
3984
3986
3989
3992
3993
3995
3996
3998
4000
4001
4002
4004
4005
4006
4007
4010
4012
4017
4019
4020
4022
4024
4025
4027
4029
4030
4032
4033
4035
4036
4041
4043
4046
4047
4049
4052
4055
4057
4058
4063
4068
4070
4071
4072
4075
4079
4080
4083
4084
4089
4091
4093
4094
4096
4097
4100
4101
4102
4103
4105
4107
4108
4109
4111
4113
4115
4120
4122
4123
4124
4129
4130
4131
4132
4134
4136
4137
4141
4151
4152
4153
4155
4156
4159
4160
4161
4162
4163
4165
4167
4170
4172
4173
4174
4177
4178
4180
4181
4182
4190
4193
4195
4198
4200
4201
4204
4206
4208
4210
4211
4213
4215
4216
4220
4221
4223
4226
4227
4230
4236
4238
4242
4244
4246
4247
4248
4249
4253
4254
4255
4256
4257
4259
4261
4263
4268
4270
4271
4272
4273
4274
4276
4278
4279
4280
4281
4285
4286
4288
4289
4292
4293
4296
4297
4298
4299
4300
4301
4302
4304
4306
4309
4313
4316
4318
4319
4320
4322
4323
4325
4327
4328
4332
4333
4334
4339
4340
4341
4342
4344
4345
4348
4349
4350
4351
4353
4355
4356
4357
4359
4362
4363
4365
4366
4367
4368
4369
4370
4371
4373
4374
4378
4381
4382
4383
4389
4390
4391
4392
4394
4395
4396
4397
4398
4399
4400
4404
4406
4409
4413
4415
4421
4422
4427
4428
4429
4430
4431
4432
4433
4434
4437
4438
4439
4441
4442
4443
4444
4448
4449
4453
4455
4456
4458
4459
4462
4464
4466
4469
4470
4472
4474
4475
4480
4482
4484
4485
4486
4487
4490
4491
4492
4494
4495
4496
4499
4501
4502
4503
4504
4508
4512
4514
4516
4521
4523
4527
4528
4529
4531
4532
4533
4538
4539
4542
4544
4545
4546
4548
4549
4550
4553
4556
4557
4564
4566
4569
4571
4573
4574
4575
4577
4578
4581
4582
4588
4589
4590
4591
4592
4593
4594
4596
4597
4598
4601
4603
4605
4606
4607
4609
4612
4613
4614
4618
4619
4621
4623
4624
4626
4629
4631
4632
4636
4637
4640
4644
4649
4652
4653
4660
4662
4663
4664
4665
4667
4670
4671
4672
4673
4675
4676
4677
4679
4680
4681
4682
4683
4684
4685
4687
4688
4690
4691
4693
4694
4698
4701
4704
4706
4707
4708
4709
4711
4715
4716
4718
4720
4723
4724
4725
4726
4728
4729
4733
4734
4736
4739
4740
4741
4744
4746
4748
4751
4754
4755
4756
4757
4759
4764
4765
4768
4769
4771
4773
4775
4777
4781
4783
4787
4788
4790
4794
4797
4800
4802
4805
4806
4807
4808
4810
4813
4814
4816
4824
4825
4827
4831
4832
4833
4835
4836
4837
4839
4840
4842
4843
4850
4851
4853
4855
4857
4858
4863
4867
4870
4871
4874
4879
4881
4885
4886
4888
4889
4891
4895
4899
4908
4909
4911
4912
4914
4916
4918
4921
4924
4925
4926
4927
4928
4929
4931
4934
4935
4939
4940
4942
4946
4948
4949
4950
4951
4952
4953
4954
4955
4957
4959
4960
4961
4962
4963
4964
4967
4971
4972
4982
4986
4988
4989
4991
4992
4995
5000
5002
5003
5004
5005
5006
5009
5011
5012
5015
5016
5019
5021
5022
5023
5024
5025
5026
5029
5030
5031
5032
5034
5036
5037
5039
5042
5044
5046
5047
5048
5049
5050
5052
5055
5057
5058
5060
5062
5063
5064
5066
5069
5071
5073
5075
5076
5078
5081
5082
5083
5085
5088
5093
5095
5098
5099
5100
5101
5103
5105
5108
5113
5115
5116
5117
5118
5122
5123
5124
5131
5133
5136
5137
5138
5141
5142
5144
5146
5147
5148
5153
5155
5157
5158
5162
5169
5176
5177
5178
5179
5181
5183
5184
5186
5187
5189
5192
5195
5197
5198
5200
5203
5204
5205
5206
5207
5210
5211
5212
5214
5216
5217
5219
5220
5221
5226
5227
5230
5231
5235
5237
5238
5239
5244
5245
5250
5252
5253
5254
5255
5257
5259
5262
5265
5266
5267
5268
5270
5274
5276
5277
5278
5280
5281
5282
5283
5286
5288
5290
5291
5296
5297
5299
5301
5302
5303
5305
5306
5310
5311
5312
5313
5314
5317
5319
5320
5321
5322
5325
5328
5330
5334
5336
5341
5343
5346
5348
5349
5350
5351
5355
5358
5359
5360
5363
5364
5365
5367
5370
5376
5378
5379
5382
5383
5388
5389
5392
5395
5398
5402
5405
5406
5407
5409
5411
5414
5415
5416
5422
5423
5424
5426
5428
5430
5431
5433
5435
5436
5439
5440
5441
5442
5445
5447
5448
5449
5451
5453
5456
5459
5463
5464
5466
5470
5473
5474
5475
5477
5478
5479
5484
5485
5486
5490
5495
5498
5499
5500
5501
5504
5505
5507
5511
5512
5514
5517
5518
5519
5525
5529
5532
5533
5535
5540
5541
5543
5546
5551
5555
5556
5559
5560
5561
5568
5571
5572
5573
5576
5579
5580
5585
5587
5588
5590
5591
5593
5597
5599
5600
5601
5602
5607
5609
5610
5614
5617
5621
5622
5623
5624
5625
5628
5630
5633
5635
5637
5638
5641
5643
5644
5646
5647
5648
5650
5652
5654
5655
5660
5661
5664
5666
5668
5670
5672
5674
5676
5680
5681
5682
5684
5689
5692
5695
5696
5697
5700
5701
5706
5708
5709
5710
5713
5715
5717
5718
5720
5721
5727
5732
5733
5736
5738
5739
5741
5744
5746
5747
5748
5750
5751
5752
5753
5754
5755
5756
5759
5761
5762
5763
5766
5768
5769
5771
5772
5773
5775
5777
5778
5780
5781
5783
5784
5787
5788
5789
5790
5793
5794
5795
5796
5798
5802
5803
5804
5806
5807
5811
5812
5814
5816
5817
5819
5820
5822
5826
5827
5828
5830
5832
5833
5836
5839
5840
5842
5843
5847
5848
5849
5852
5854
5855
5856
5858
5860
5861
5864
5867
5871
5873
5880
5881
5885
5887
5888
5890
5891
5897
5901
5902
5905
5906
5907
5908
5909
5910
5911
5915
5922
5923
5925
5931
5932
5935
5938
5941
5943
5944
5945
5948
5950
5951
5952
5954
5961
5964
5968
5969
5970
5972
5973
5974
5980
5981
5983
5990
5991
5992
5996
5997
5998
6000
6001
6002
6003
6008
6013
6015
6016
6020
6022
6027
6028
6029
6032
6034
6037
6039
6040
6043
6044
6047
6048
6049
6050
6051
6052
6055
6056
6059
6063
6064
6068
6069
6070
6072
6077
6079
6080
6081
6082
6085
6089
6091
6092
6094
6098
6101
6102
6103
6108
6111
6112
6113
6116
6119
6120
6121
6122
6123
6127
6129
6132
6135
6138
6139
6140
6141
6143
6145
6146
6147
6148
6149
6150
6151
6152
6155
6158
6162
6163
6164
6165
6169
6170
6171
6173
6176
6177
6179
6181
6183
6184
6187
6190
6192
6193
6194
6197
6198
6199
6202
6203
6204
6205
6207
6209
6211
6212
6214
6215
6216
6218
6219
6220
6221
6222
6225
6229
6230
6234
6238
6239
6240
6241
6244
6250
6255
6256
6257
6260
6262
6265
6268
6270
6275
6277
6282
6287
6292
6293
6297
6298
6299
6300
6301
6302
6308
6309
6311
6313
6316
6317
6320
6325
6328
6335
6336
6337
6338
6339
6343
6345
6346
6347
6349
6352
6353
6355
6357
6358
6360
6367
6369
6373
6376
6377
6379
6382
6383
6384
6385
6386
6389
6393
6394
6396
6401
6406
6407
6410
6411
6412
6413
6418
6419
6421
6423
6424
6426
6428
6433
6435
6436
6439
6440
6441
6442
6445
6451
6452
6455
6456
6460
6462
6469
6471
6472
6473
6474
6476
6477
6480
6482
6483
6485
6488
6489
6490
6491
6493
6495
6497
6498
6499
6500
6501
6503
6508
6509
6510
6512
6513
6515
6517
6521
6522
6523
6526
6530
6536
6537
6538
6539
6541
6544
6548
6549
6552
6554
6556
6557
6558
6560
6562
6565
6568
6571
6573
6574
6576
6578
6580
6581
6583
6585
6586
6588
6589
6591
6594
6598
6603
6604
6609
6611
6612
6616
6618
6619
6620
6621
6622
6625
6628
6629
6630
6637
6638
6639
6641
6643
6644
6646
6648
6649
6653
6655
6656
6657
6658
6659
6661
6662
6665
6667
6671
6672
6673
6674
6676
6677
6678
6680
6681
6682
6683
6685
6686
6687
6688
6689
6690
6691
6692
6694
6697
6699
6700
6702
6704
6706
6708
6712
6713
6714
6718
6721
6722
6724
6727
6728
6729
6730
6731
6733
6734
6738
6739
6740
6741
6742
6744
6745
6746
6747
6748
6751
6752
6753
6754
6755
6756
6757
6758
6759
6764
6771
6774
6777
6778
6779
6780
6782
6784
6788
6789
6792
6797
6799
6800
6801
6803
6804
6805
6812
6820
6821
6822
6823
6824
6825
6827
6828
6829
6830
6831
6833
6835
6836
6837
6838
6839
6843
6845
6846
6848
6849
6850
6852
6854
6855
6856
6858
6860
6862
6863
6865
6870
6871
6875
6878
6879
6880
6881
6885
6886
6887
6896
6898
6901
6903
6904
6905
6906
6908
6917
6918
6919
6920
6921
6923
6924
6925
6926
6928
6929
6932
6935
6938
6940
6944
6946
6952
6955
6956
6961
6962
6966
6967
6973
6974
6975
6976
6981
6982
6983
6984
6989
6990
6992
6994
6995
6996
6998
7001
7002
7003
7007
7008
7009
7010
7012
7013
7014
7015
7017
7018
7019
7022
7023
7025
7026
7027
7028
7029
7031
7034
7035
7036
7037
7038
7039
7040
7041
7042
7043
7046
7048
7054
7055
7059
7060
7063
7064
7070
7071
7072
7075
7076
7079
7080
7081
7083
7084
7085
7086
7094
7095
7097
7098
7099
7100
7101
7102
7104
7105
7106
7107
7109
7110
7111
7113
7115
7117
7118
7121
7122
7123
7124
7127
7132
7134
7135
7136
7139
7141
7146
7147
7148
7149
7151
7153
7155
7156
7157
7158
7162
7163
7171
7172
7176
7177
7178
7180
7182
7184
7188
7195
7196
7197
7199
7204
7205
7206
7207
7209
7210
7212
7215
7217
7218
7221
7222
7223
7227
7228
7232
7234
7235
7237
7238
7239
7241
7242
7245
7246
7248
7249
7252
7256
7257
7258
7262
7265
7269
7272
7274
7275
7278
7279
7280
7283
7285
7288
7290
7291
7292
7295
7296
7297
7298
7299
7300
7301
7303
7305
7309
7310
7312
7313
7319
7321
7324
7326
7328
7330
7335
7336
7343
7344
7345
7347
7348
7351
7352
7356
7358
7360
7361
7364
7373
7375
7377
7378
7380
7383
7384
7385
7386
7388
7389
7390
7394
7396
7397
7400
7401
7402
7406
7407
7408
7409
7412
7414
7419
7423
7425
7432
7435
7436
7437
7438
7440
7441
7444
7445
7447
7450
7451
7452
7453
7454
7456
7459
7461
7462
7463
7467
7468
7474
7475
7476
7478
7482
7483
7488
7489
7492
7493
7494
7495
7496
7497
7498
7500
7501
7502
7504
7506
7512
7513
7514
7517
7519
7521
7522
7525
7526
7528
7531
7533
7534
7535
7537
7538
7539
7540
7543
7548
7551
7552
7553
7554
7557
7560
7561
7563
7564
7566
7568
7571
7574
7579
7580
7581
7587
7588
7592
7593
7594
7596
7599
7600
7602
7603
7604
7605
7606
7607
7612
7614
7615
7618
7620
7623
7625
7626
7629
7631
7632
7633
7634
7635
7638
7639
7642
7643
7644
7649
7650
7652
7653
7654
7655
7656
7659
7660
7664
7666
7670
7672
7675
7676
7677
7680
7681
7682
7684
7687
7689
7696
7698
7700
7701
7705
7707
7710
7712
7715
7716
7719
7721
7725
7726
7727
7729
7730
7731
7733
7736
7737
7740
7744
7746
7747
7750
7752
7754
7756
7757
7759
7762
7763
7766
7770
7772
7775
7777
7779
7781
7782
7784
7785
7788
7789
7793
7794
7799
7800
7802
7803
7805
7809
7811
7812
7814
7815
7819
7820
7824
7825
7826
7827
7829
7830
7835
7840
7845
7846
7848
7849
7851
7854
7855
7857
7860
7866
7867
7869
7870
7874
7876
7877
7878
7879
7885
7891
7893
7899
7901
7903
7904
7905
7907
7909
7910
7914
7915
7916
7918
7919
7920
7921
7922
7923
7924
7925
7926
7927
7929
7932
7933
7934
7935
7941
7942
7943
7944
7946
7947
7949
7950
7953
7954
7955
7956
7957
7958
7960
7963
7966
7969
7971
7976
7977
7981
7982
7985
7987
7989
7990
7992
7994
7995
7998
8000
8003
8005
8008
8011
8012
8013
8014
8015
8016
8019
8020
8022
8023
8024
8026
8027
8029
8031
8032
8033
8034
8035
8037
8038
8039
8042
8043
8046
8049
8050
8052
8054
8055
8058
8059
8061
8067
8068
8072
8073
8074
8075
8076
8077
8078
8079
8080
8081
8083
8084
8087
8088
8090
8092
8095
8096
8098
8099
8103
8104
8105
8107
8108
8110
8113
8114
8116
8118
8119
8124
8131
8133
8135
8136
8137
8138
8141
8142
8143
8144
8145
8147
8148
8151
8153
8154
8162
8163
8164
8165
8166
8167
8172
8179
8180
8182
8184
8186
8187
8188
8191
8194
8201
8203
8204
8206
8207
8208
8209
8211
8216
8218
8219
8220
8221
8222
8223
8225
8228
8229
8233
8234
8236
8240
8242
8243
8244
8246
8250
8251
8252
8254
8257
8260
8267
8268
8272
8274
8275
8285
8286
8287
8289
8292
8293
8294
8295
8299
8301
8305
8309
8310
8313
8315
8316
8317
8319
8320
8321
8322
8323
8324
8326
8327
8329
8330
8331
8332
8333
8337
8338
8339
8340
8341
8342
8343
8344
8349
8350
8351
8353
8357
8360
8362
8363
8369
8370
8371
8372
8376
8378
8379
8381
8383
8386
8387
8390
8391
8394
8396
8397
8398
8400
8401
8403
8405
8406
8407
8408
8410
8415
8418
8421
8422
8424
8425
8426
8427
8429
8430
8432
8435
8436
8438
8440
8441
8442
8444
8445
8446
8448
8449
8450
8452
8456
8457
8462
8463
8467
8468
8469
8471
8472
8474
8477
8479
8481
8483
8485
8487
8490
8493
8496
8497
8501
8504
8506
8509
8512
8513
8517
8519
8522
8525
8526
8529
8532
8536
8537
8538
8540
8543
8544
8545
8547
8548
8552
8553
8555
8558
8561
8562
8567
8568
8569
8570
8571
8575
8576
8578
8582
8583
8584
8586
8587
8593
8597
8599
8600
8601
8602
8603
8604
8605
8606
8607
8609
8610
8612
8616
8617
8622
8623
8626
8627
8630
8632
8633
8636
8637
8639
8641
8642
8644
8645
8650
8652
8655
8656
8659
8660
8661
8662
8663
8664
8666
8668
8669
8670
8672
8675
8677
8679
8680
8682
8683
8688
8691
8693
8694
8696
8698
8699
8700
8702
8705
8707
8711
8713
8714
8715
8724
8728
8733
8735
8736
8738
8740
8742
8744
8745
8747
8749
8752
8753
8754
8757
8760
8764
8766
8767
8768
8769
8770
8776
8778
8780
8784
8786
8788
8790
8791
8792
8794
8796
8804
8807
8811
8812
8813
8814
8815
8816
8818
8819
8821
8824
8828
8829
8831
8832
8836
8839
8840
8842
8843
8844
8845
8848
8853
8854
8857
8859
8861
8863
8866
8867
8871
8872
8873
8875
8877
8878
8879
8880
8882
8885
8888
8891
8892
8894
8895
8898
8901
8902
8905
8906
8907
8908
8909
8910
8913
8915
8921
8923
8924
8925
8930
8931
8932
8933
8934
8935
8936
8938
8939
8941
8942
8945
8949
8956
8961
8963
8965
8969
8970
8971
8973
8975
8977
8978
8979
8980
8982
8983
8984
8986
8987
8990
8995
8997
8998
8999
9000
9006
9007
9008
9010
9012
9013
9014
9015
9019
9020
9021
9024
9026
9027
9029
9030
9032
9033
9034
9041
9043
9045
9052
9057
9058
9059
9060
9063
9069
9072
9074
9076
9078
9079
9082
9084
9086
9087
9088
9089
9091
9092
9095
9097
9098
9099
9102
9104
9105
9106
9107
9113
9116
9118
9119
9120
9121
9122
9124
9126
9128
9129
9130
9131
9132
9133
9135
9138
9139
9141
9143
9147
9148
9150
9151
9153
9154
9155
9157
9158
9160
9161
9162
9163
9165
9167
9170
9171
9172
9173
9175
9176
9179
9181
9185
9190
9192
9194
9195
9196
9197
9198
9199
9204
9207
9210
9213
9214
9215
9216
9217
9218
9220
9222
9224
9225
9227
9228
9229
9235
9238
9240
9241
9242
9245
9246
9247
9248
9249
9251
9253
9254
9255
9256
9257
9258
9259
9262
9263
9264
9266
9267
9269
9270
9271
9272
9275
9280
9282
9286
9287
9290
9295
9297
9298
9300
9304
9305
9306
9307
9309
9313
9314
9315
9316
9318
9319
9320
9321
9322
9323
9324
9329
9330
9331
9332
9333
9336
9339
9340
9343
9344
9345
9347
9349
9353
9354
9355
9356
9357
9358
9359
9360
9361
9362
9363
9364
9365
9368
9369
9370
9371
9372
9376
9377
9379
9387
9390
9391
9392
9394
9396
9399
9400
9402
9403
9404
9406
9408
9410
9413
9415
9418
9419
9421
9425
9426
9427
9428
9429
9437
9439
9444
9445
9446
9451
9454
9455
9456
9457
9461
9462
9467
9468
9471
9472
9474
9477
9481
9482
9484
9492
9493
9494
9495
9498
9501
9502
9504
9505
9506
9511
9513
9518
9519
9520
9522
9524
9527
9528
9530
9531
9532
9533
9534
9537
9538
9540
9542
9545
9546
9548
9549
9552
9555
9558
9559
9563
9564
9566
9567
9568
9570
9571
9575
9581
9582
9583
9585
9587
9588
9590
9594
9595
9598
9601
9603
9605
9606
9607
9608
9610
9613
9615
9616
9620
9621
9625
9627
9628
9630
9631
9633
9635
9637
9638
9641
9642
9644
9648
9650
9651
9656
9657
9659
9660
9661
9664
9665
9667
9669
9671
9672
9676
9681
9683
9685
9686
9687
9689
9694
9695
9697
9699
9703
9705
9706
9708
9711
9712
9716
9720
9721
9722
9723
9724
9726
9728
9730
9732
9733
9736
9740
9741
9743
9745
9747
9749
9751
9753
9754
9755
9761
9763
9764
9766
9767
9769
9771
9772
9776
9778
9780
9781
9784
9799
9800
9805
9806
9807
9808
9812
9813
9815
9821
9823
9825
9827
9833
9836
9837
9840
9846
9849
9850
9853
9854
9856
9858
9864
9866
9869
9870
9875
9878
9880
9881
9882
9883
9884
9885
9886
9887
9890
9891
9892
9895
9896
9898
9900
9901
9903
9905
9906
9911
9912
9913
9914
9915
9916
9917
9918
9920
9922
9923
9925
9926
9927
9929
9930
9931
9932
9933
9934
9938
9940
9941
9942
9943
9944
9947
9948
9949
9950
9951
9952
9954
9956
9959
9966
9967
9968
9969
9971
9972
9976
9977
9982
9990
9991
9992
9994
9995
9996
9997
9999