1000
8291
8580
2835
856
8510
5867
2774
6229
8890
4395
5951
4222
1283
9752
7898
1285
5868
6548
7435
84
1231
158
7340
9557
9544
2025
7346
8443
2710
1984
7158
3404
3916
2986
1989
6027
7309
1722
6143
8083
8465
3866
7105
341
8276
5341
8610
9359
9641
2833
10000
9190
1830
7193
975
6334
905
1575
8827
1303
2329
5434
8061
6341
9513
8715
148
2370
5451
4808
4232
8975
8597
5983
8164
2112
3829
2570
9718
300
8149
6304
6331
4029
4117
3136
2086
5866
3135
6100
4769
4900
4901
3451
7165
9133
5769
4453
8275
1746
8968
284
842
3226
9417
4074
9890
3647
6894
1631
7968
8867
6779
3412
4960
3130
3156
6259
8215
693
6657
3295
3844
5473
6610
4410
5633
532
6125
3515
7795
6681
5361
1017
1953
6810
3415
1069
844
7853
8777
8253
5394
2882
7494
2127
4830
3695
11
4760
9336
4517
4181
8609
8304
6330
7908
2575
318
8324
1234
428
4193
4804
4119
7099
3904
8002
5656
4394
7639
3780
2651
3589
4409
1805
7606
2821
5730
9877
5048
6429
4460
1433
7513
3553
5921
3810
5163
3331
4329
1461
6708
6409
8415
822
6601
566
6102
3014
7446
5874
4469
1270
6378
7646
3072
83
7221
1644
1682
4445
5464
1161
7699
1209
4221
2287
5122
6311
6648
636
8295
5667
5294
5611
2716
2132
5125
1632
4807
9571
8350
432
971
3457
4544
5729
3098
555
59
2954
9091
5097
162
1920
2654
3867
4213
2043
2583
6797
877
7667
3094
3878
9682
8546
2364
9634
4245
5008
7811
1481
6238
8012
8191
9375
6521
1647
6335
3308
6224
4397
1960
1569
363
1836
1149
1298
8640
3140
9993
6028
9250
3458
8548
6296
8748
9609
3272
1918
745
3561
4480
2598
9537
67
1573
6782
7191
8469
1173
1903
290
4766
1838
4087
6339
8519
9282
7448
8200
3227
1691
3545
6226
3819
9453
5100
6906
254
5452
3254
4595
545
1994
4836
3382
8849
1369
2038
2834
9485
2030
6349
2203
1202
6976
4703
6745
1813
1423
107
1871
9873
1249
5889
8127
5597
2410
1443
362
9020
8015
8982
4062
1307
3652
7477
4567
3423
886
6452
6925
5737
7963
677
4040
2414
8495
5503
5632
6683
8923
5432
8662
9231
8983
542
3849
1893
8091
5066
1107
141
9870
5162
3117
7401
1959
6693
7635
9862
3770
3152
2586
1749
5081
2612
9230
4341
4754
7148
6123
6032
6309
8935
9692
5922
1848
2028
806
8719
3623
7517
5372
8917
1340
1841
8623
1333
6577
85
5218
9982
4976
7989
9516
4770
7427
5234
2948
3284
5913
6061
6096
4010
3884
3222
7692
9247
9512
3751
3241
172
611
6039
426
5422
3421
5909
3708
3602
4653
1957
2454
392
5317
7695
2380
1556
8268
7087
2931
110
4184
951
6120
882
8277
5279
1297
7366
700
3352
2222
7124
1822
9309
6739
7906
9220
5896
7586
9448
6566
9025
9470
2487
4309
4124
3630
7425
5528
718
8839
3238
5560
9702
4417
915
9429
9998
7717
4643
7960
7426
9016
8820
2174
1145
2555
8556
2951
8781
2162
3705
2082
2909
8351
964
4475
4308
342
3668
68
9361
2424
8163
359
6451
8918
1156
9043
8974
7280
914
2200
7802
2618
3083
1843
5398
7345
916
1450
6875
2755
3634
407
149
4317
2891
2234
6060
4316
7705
8431
4849
4149
2632
5253
2722
4483
4581
1115
456
9244
3556
1293
4726
9509
9205
814
6546
897
6623
4773
7718
7636
9962
9601
921
9714
7947
9051
3478
942
6603
9410
7939
7812
5935
3225
5332
7948
3054
7543
8684
639
6802
5192
9976
6081
713
739
6459
8152
7873
9275
2116
6408
3079
8905
79
5716
4070
1257
1472
6256
985
2337
9759
974
5664
1897
4002
6142
2749
9990
702
5703
4991
44
9085
4699
5958
6227
4661
5128
7934
2481
8076
3912
2278
5427
5457
5401
749
4838
2607
6755
2600
7997
3868
2344
3255
9857
1624
9260
9619
6941
230
3169
6005
7390
3512
5418
1195
785
8067
4132
361
824
7033
911
1099
1506
5636
7296
3549
2994
8329
6762
8124
9270
9523
2418
6794
7305
7047
4743
3442
7293
22
3957
717
1674
620
6531
8290
9333
8203
7769
3885
5711
3433
4869
1489
4908
5759
6628
6780
86
1027
6072
7739
3277
2643
6262
658
9502
5092
4506
9258
206
4311
8235
9347
202
2394
6682
6270
9094
4433
9818
1733
1484
4489
7056
5926
443
5403
7744
8638
6328
5261
6300
3139
4298
1168
5242
8507
6649
4299
17
2513
8395
6135
2521
8053
9108
8653
8925
8901
4550
1673
4762
716
1774
7155
3003
6567
6562
7658
6759
9891
3339
6884
2119
6261
3768
6590
2396
6776
4408
9880
1476
5025
6235
7886
349
220
6024
3555
9296
8977
8103
513
3342
1353
2382
1243
4044
4931
6488
4992
5521
3717
5511
8705
7490
3271
621
7058
2077
8617
5322
6456
7987
9958
2739
6040
5784
6634
8005
204
6796
2925
4134
3333
6754
8383
1007
2085
9126
7210
9180
1076
478
650
6677
6533
8656
4794
5433
3604
9291
9840
6582
9078
7097
8752
6469
2288
3111
1775
5247
8364
7219
2304
1067
6168
7923
7107
6007
8287
296
9727
5821
1376
3384
8876
2182
8614
9298
1227
883
1613
1304
368
1833
723
7011
8360
6727
4450
6280
6612
1328
9671
4798
8960
5617
652
6062
3813
6115
5053
3
8319
1464
9596
2604
2573
4957
2317
2888
5042
409
4360
7996
1096
7093
2796
8823
8749
6933
3763
5421
5923
4105
6198
5639
5362
9221
1083
850
9802
4472
3011
9932
6675
5973
8810
4015
1936
4545
9770
603
5043
2474
8980
8406
9876
6356
3473
989
3939
9063
8331
1316
5809
7734
2816
9751
5482
4003
1628
119
4102
9497
6206
3182
9358
5569
1579
7200
1480
2381
855
3008
3699
3220
8309
2947
4959
2837
9522
4165
5258
7381
5086
5436
2039
8027
8463
9317
1867
7777
4813
1049
8965
8835
1997
8602
6190
5861
1181