10000
10357
57223
86317
63541
67458
48824
14231
3578
31568
6379
80356
68975
89316
99887
39985
82552
65741
99607
96840
97413
96585
18062
95395
68305
77145
90903
92170
64078
24247
5644
44790
50349
96457
24082
17807
32541
73213
93917
49884
72863
58636
32492
53383
49128
80386
58541
77513
30314
615
81879
73430
85547
19219
92313
63366
44768
44244
25141
71126
41455
55598
31129
23256
91346
2976
16784
94952
27442
52179
65647
33208
86108
54057
3001
11011
30230
73777
48379
91478
43628
76891
63762
98423
22209
50256
70851
71256
95058
88722
66718
89749
92467
33395
11298
14492
55805
76636
86473
77861
41588
75047
86600
69114
41284
94132
37301
94321
63771
38664
24068
79579
50139
63475
31588
91788
23153
50357
74991
82042
51185
6286
55020
47492
30498
6817
58060
40241
8794
56095
13217
44565
77108
62015
52708
65665
18618
82030
98399
7187
56723
88040
67778
52115
34863
63337
77217
99349
71480
54257
73237
89410
63639
99357
43377
30070
88061
51915
28500
10939
19269
70270
481
68607
4578
19177
50462
81035
34741
65557
87541
66146
74809
6981
75081
69820
39609
18277
9393
3664
87532
84395
76750
53026
11001
17537
79486
36952
54274
34570
44444
13492
83093
80712
73663
36220
5583
55441
82584
18312
62931
49474
75174
23820
12839
99564
13304
8613
54718
31425
93211
62792
19208
1105
97881
35890
13665
11312
55444
79581
60617
78469
57786
93697
95636
36442
57407
79971
10432
32189
44215
36973
14042
62191
41400
42850
94757
13115
38366
27109
82512
95265
82428
63727
3448
72235
82287
84699
73693
41340
86796
48342
47680
53420
25633
45475
15209
80257
36406
82288
80562
17344
59192
88615
53276
21654
64701
91976
37663
94773
32176
79077
73916
8750
83961
67002
9553
72939
56190
62275
97920
7335
74935
72152
4710
82339
88086
69590
88363
36198
30442
92030
23588
26072
63144
39724
83896
50910
65782
61157
18304
65942
94120
99351
76159
90769
22499
62551
10501
64397
50021
76518
97494
31263
92704
15338
90165
23764
14439
78700
16934
67549
32139
90633
43525
30399
90600
5513
66671
37080
689
5347
77545
77603
3500
43417
2298
64055
27980
48901
51967
26179
52925
49715
89052
24532
35607
71734
75477
1723
55657
36613
89246
92103
35621
22520
25015
89450
67220
67975
2239
76759
99324
34855
70933
79151
82326
39340
2431
17376
58966
2903
60339
94315
82606
25442
98946
15138
94309
38141
28509
47458
86131
35581
95959
57108
31367
91925
24687
49076
1197
40147
11786
92188
2833
16502
74264
24264
60855
88160
1349
51688
59487
97661
74790
12476
44541
82468
14816
50427
80055
26143
79923
40867
99000
80149
33744
12396
77957
16353
42173
43987
15788
53087
63951
68908
80724
45025
84693
60205
78773
49752
91828
87096
41094
78144
81125
39556
82157
71583
889
85183
5536
88423
27096
45828
62700
23878
65156
89770
29641
42655
77793
46143
99261
46724
92841
31826
67202
12449
94477
41450
24077
71678
63666
5651
81556
48427
58938
20789
96754
332
90546
15941
54500
29444
38575
25654
99314
35413
60199
56066
55377
73157
97456
60325
53543
46680
61818
1498
17094
18076
6054
65396
50688
62433
76216
93384
47018
66489
96969
79383
95546
83620
92319
24841
85626
89366
59860
22091
70779
49621
10575
66657
71814
97511
97166
43887
20059
7673
39534
93915
6913
42792
91739
20873
94167
80574
38582
33179
10148
73350
35004
11515
82002
80952
246
32382
9909
92536
90392
81653
74701
47785
5083
58072
9601
90172
27456
8610
87488
62171
87536
14571
49782
37197
60871
81844
63137
14849
67063
73287
86775
36767
16253
97178
41372
25770
43144
18674
53412
53133
62170
73095
94434
94060
28867
49902
4588
633
84916
85180
1393
3164
33424
11449
28923
17017
63550
12943
71346
68354
77166
46588
34284
75339
34041
75207
95811
12402
68026
68117
90849
68584
59009
67933
39750
63436
88302
57719
3810
35884
43762
34801
73629
3824
82664
26812
57141
14036
28214
47455
13758
87432
26550
11812
24982
7126
30913
77749
26676
95224
3068
35878
85169
31893
35707
88767
25523
24115
55171
9078
37135
97096
78297
10922
80966
88583
40862
15594
47296
45122
39651
11965
5563
6679
75410
69121
82397
74328
81930
1842
15785
28473
78764
56667
72390
15461
27393
94890
19120
6006
37708
15170
55742
90610
24812
24699
80254
79480
10290
84144
64801
43023
24868
56005
19463
39274
25832
92956
52952
60355
81012
92999
31231
41296
95686
48745
9758
71083
78605
11731
86091
53457
40887
78308
88985
8641
94577
29353
75976
1318
51123
72197
92661
52878
83412
59285
72651
90914
33470
82722
39641
55654
6558
42677
97496
67442
88269
29152
64641
90355
7357
83694
93659
34013
70034
53328
85287
3107
87528
42174
13177
37921
26891
44465
14690
4322
81011
27680
30960
87145
92861
2094
25825
97970
85935
28925
91473
45916
74336
1857
72412
8725
23160
95025
49917
87732
51229
56258
91882
88723
9539
57282
34679
53846
8812
80696
57031
27294
43175
37396
43870
7895
80131
65559
6483
99739
95875
42607
46781
10960
75978
80401
55104
50845
61485
64045
46112
64526
38388
8788
6091
38280
52844
22466
46133
75416
87285
77032
82407
70692
83063
13135
97427
65978
33810
77550
79027
2083
1307
22085
82532
96099
30622
99144
20616
4528
22033
22095
60692
64032
78826
35834
36246
5209
3075
85354
22649
84942
93276
86366
25955
46256
70607
45076
1533
79152
24501
46761
60413
20432
19711
29716
45605
67262
97366
62917
16258
98204
32041
82242
74792
86382
99678
53108
61793
46546
83381
51103
55106
20348
26598
1619
86848
25553
86760
15943
88895
30957
94091
45493
45207
57132
86908
34677
15058
12468
25397
8126
83860
50242
42828
40991
2841
67815
82378
79257
77764
20594
92489
94521
55979
45520
6174
97656
89224
80403
95318
55278
54929
52267
98874
91996
35146
99648
94244
88807
1921
52880
55959
59929
19784
60752
9963
89496
35339
1395
97412
14352
55994
29043
60439
18362
64284
63675
4489
6460
54496
69333
31751
11839
82073
4427
18824
69725
89626
56744
90579
60048
61588
48195
96762
77631
94975
22202
28160
7147
87944
96130
51703
16776
44044
26933
84308
70254
92808
90506
52586
38246
56822
36421
1559
94371
27191
30755
29363
22397
70566
63625
30536
86747
73062
68753
28816
35640
95928
19622
39275
3821
78915
45019
89088
13337
85480
40751
52222
31013
59748
12311
22265
58190
57412
70935
67328
98597
62764
93509
517
75799
22946
43005
65123
1963
81805
95736
52116
83707
40212
82620
81711
19821
75601
39422
69229
51880
52719
42118
511
88601
75084
14058
22007
98195
69578
38917
80494
32118
79520
90139
43900
53600
12758
26836
42373
90614
29048
68510
46266
44143
97874
69946
85664
90109
89647
57585
44751
99690
14392
60506
84483
94623
66426
29125
30296
8013
10543
12575
36954
2767
89803
42290
83461
41383
83196
35959
18458
7
83866
74549
27899
72664
16772
53240
62771
17277
18503
1804
68255
92033
63640
85612
20684
24519
5828
59439
46386
71810
84209
80032
31536
36998
93854
65233
55668
93249
68416
71217
3889
52151
59083
71876
15411
28304
73502
11363
51725
98595
34743
75118
77234
82278
15722
41075
55186
78150
26784
93098
41069
31910
85435
93611
46382
52818
19517
14311
52609
84469
32052
21368
82869
55699
61776
77446
18146
8650
8716
92651
42239
12165
41540
29108
29925
97838
15257
11850
66322
5747
50524
20102
18002
78381
18585
58425
69912
78633
48728
56131
18981
17168
2017
961
37461
16082
64674
19429
87621
83946
13938
72035
33791
77856
788
33256
68955
16081
72427
70265
17210
71414
69932
60180
12342
74559
48316
15900
72216
10477
69279
41976
82247
49765
62362
62624
82493
84092
88100
75605
55889
68576
71020
36402
51753
73170
71496
13547
2080
14540
35560
86495
50520
5996
8659
98534
79661
17003
79765
96416
98707
55276
45704
33465
34412
14558
93476
68104
2
78713
94923
23891
81778
21242
5850
77204
50078
28901
22554
41552
4456
62898
51480
74617
18690
20776
50968
1122
97165
68602
96554
51537
56997
9407
80587
64849
942
92236
49449
6626
93859
23663
73063
76165
49982
68861
89007
89350
7670
4664
82404
86302
4316
22135
56706
23441
50972
68764
26583
55124
38090
66362
61151
57251
56257
43074
39686
66026
35284
18610
93079
87015
5993
3239
76897
5880
67007
64509
55744
29148
34106
51762
98991
36545
69656
40279
82168
54026
68404
92169
18490
54019
49942
7421
38477
91754
34569
17886
12237
9762
43147
64264
36582
33196
54058
91549
55676
37210
28095
18985
82244
52263
81681
18088
60433
693
94168
29978
12899
27531
46180
81093
84484
4566
13184
15095
63192
61609
31986
60644
39533
94565
35019
24533
84126
23897
62799
92980
93455
22524
43994
32096
65130
53562
62187
80105
6156
12487
31387
30942
90277
81846
25035
36399
39273
73175
46782
18500
6301
93106
44847
40734
94492
25475
34531
84836
19169
94274
48186
75315
63997
48691
83249
2355
45884
37345
504
96454
47800
65510
10536
80024
71699
72665
61722
22621
1469
47668
17613
50555
75610
92396
71061
94646
69193
68766
38021
84285
21732
91892
65158
97008
95235
44975
14464
3375
74288
34993
60191
64590
97692
90363
47063
80209
58321
9330
55972
27405
41570
18729
76836
9807
9540
42777
43708
73570
80967
67124
66780
46191
32595
19584
91562
42148
85967
6589
69147
84005
7662
56369
68031
92898
73513
51328
74621
40666
10790
75511
23618
37743
45546
73669
38128
96652
58787
38342
27865
85221
51053
16347
46965
71497
98091
13753
76250
23055
82184
78584
57725
7984
5400
58260
38410
64670
99437
81126
52904
16774
49390
82478
10776
64736
46405
95368
77179
6467
98486
42468
63374
41784
70610
8685
17860
85897
7190
38570
99601
8844
42778
57741
60328
22544
55891
13171
22953
3944
24845
67931
49722
87993
53593
34584
76991
84160
6861
59885
53639
67550
64333
16923
20916
95358
2842
3962
55292
15228
88907
17494
33328
10822
16663
61764
23455
51235
98621
483
82716
89988
41217
37423
70026
45526
70532
53431
52383
8525
19529
23973
57535
1968
70251
27762
87626
74922
20264
62691
41039
58864
61454
16519
54461
71210
46347
79038
21319
79467
9449
68949
99791
53906
66501
63807
17528
37625
76318
76052
34498
20344
3006
67200
43370
15098
55369
76614
86581
76809
32224
6277
33497
8387
38703
43739
66755
11707
80719
18269
98192
51819
24828
18082
40369
52524
96770
19607
50501
61849
10814
38765
83034
93523
9527
27638
47807
94101
61935
98489
45202
83604
38870
79951
67261
97019
73000
54920
53042
67753
33318
72469
78570
95592
91701
21892
5391
29354
19598
19679
48392
82558
29759
70207
42458
19301
10737
8845
73915
43666
63269
74476
71710
46575
52971
92852
6313
4012
62778
26516
38845
70394
75106
35924
53429
42910
19479
52079
2306
90830
61111
21518
20417
55179
47150
72887
68556
97968
33405
95157
63698
95951
39420
36518
85075
76122
66815
33636
40859
35507
72251
50928
9815
36515
2599
33187
28863
43186
91172
17166
47295
41729
27108
57008
84291
63927
90792
44399
3439
16838
43228
61546
47716
83921
30216
95165
82697
32567
73389
71129
40562
2045
40784
83514
42421
42139
43849
17968
91988
5920
44307
34798
98419
12050
74584
23410
57127
80244
59005
52744
88342
22655
66202
90031
8911
97052
49043
88538
22988
32773
34986
91727
94651
29593
31232
26941
26691
1160
8936
97658
95023
52664
99282
63361
81108
89581
33143
96635
8404
18879
57606
66219
16033
84678
7841
45102
61719
34253
81313
7071
82763
30884
96154
27663
59620
7061
17909
10223
45569
12912
99020
67268
38121
65640
12037
73788
66956
98410
31104
32615
12108
59310
39191
91983
30334
70080
27905
13850
79721
72358
93390
82904
91894
25298
95698
81868
73671
34968
93937
71358
54400
26549
86170
88091
70379
14699
63035
5098
46477
76316
84847
47489
26502
93076
60690
5656
99652
73324
83192
52812
82210
65714
37806
89733
90372
83586
18479
40252
46607
61640
46835
94573
57824
69259
49142
73536
14543
43835
82045
64631
84103
73299
58647
51410
39706
917
91069
23750
43770
43075
11505
50203
11417
54492
68147
59919
92486
8829
25498
16760
5756
94397
54741
72332
39343
90765
38709
34334
24399
90311
67274
27555
70121
13297
17185
89990
61825
93601
79167
93548
71450
12547
81580
29149
7804
75945
27171
23782
30883
65077
31254
17596
41766
50044
63263
32623
43606
3086
56088
34775
19898
35764
38464
3778
7601
855
92149
54277
41472
59817
14318
90814
51748
7810
31377
5964
92805
20377
41927
7860
79403
84706
30767
29184
526
94541
46618
49430
33905
19831
46946
83968
53253
10739
5595
43713
95688
86885
13110
83639
56831
67344
29350
76575
80876
21672
509
96313
25533
57747
61099
86186
88851
59240
27020
87097
24536
25681
78988
87474
89718
57481
40951
98605
8002
25427
59024
45612
83458
56804
30941
44505
74884
70186
72950
3753
55065
48984
24220
5174
12515
45641
34156
21865
22229
96536
96683
9230
58601
78125
42482
8371
42275
89313
80620
15321
354
10743
55115
91071
24943
71767
10943
37514
31123
29040
47963
23657
58354
47887
93690
15743
14591
65366
74283
66188
83364
82991
70829
58296
19767
32283
80113
67761
81120
46230
3574
99634
4739
64814
1710
27981
54832
59339
5879
22691
91077
27369
39164
42429
49464
68072
43080
15920
18765
30753
22703
69453
71835
18042
79510
74539
5665
2378
5960
44285
14048
38309
11042
19955
45539
19709
71006
87793
10382
49385
2063
73675
89170
9095
7017
22115
93006
15956
78578
72453
1190
66113
28796
27771
18823
34205
23560
54230
76433
38347
31957
23971
66097
41256
85666
67447
75747
28224
71301
20571
91014
32819
68247
91937
62995
42444
88525
2050
11538
80258
87761
56184
86017
58396
93925
52716
7095
37760
93453
5457
92638
35263
96495
89197
83605
20008
77624
25787
20374
34799
48113
51674
81433
2722
34283
69730
34866
26195
31222
74896
9877
84534
92671
46364
26128
33869
19413
10751
38056
84538
76834
17734
13615
91108
24927
58415
52539
56361
85762
14588
25998
39902
53391
80040
80418
37186
79343
67853
53532
12373
60222
43401
71135
76716
22371
87879
20994
47026
81198
1517
3248
19307
9973
4523
60499
18046
42942
76348
17709
77642
55451
47509
30175
27271
88127
83197
62766
51096
16780
25585
30389
25459
7856
22481
39436
11748
97540
95820
57327
24941
84525
72408
4623
22513
5021
28603
11035
99337
8870
29985
60176
12339
62966
80543
32279
37769
61093
92630
54241
4357
16552
22587
66763
62040
4845
25524
97307
95326
20574
8980
3127
90420
2228
79539
65391
2385
46322
64018
18735
23662
98641
68855
43774
63223
22836
46325
2389
15768
11138
86910
55471
53088
50383
88349
32892
14777
40572
47155
30428
3920
52582
48109
51048
68725
53191
13874
61969
35826
35816
53394
86906
22728
12118
54315
93768
27116
90378
12192
42856
71818
86211
64483
70332
84731
87559
35727
40339
59853
74479
11554
11161
99832
28256
18400
15295
19848
67046
73844
90811
26557
38329
45600
41166
4928
27699
16473
20786
24937
63963
59199
22017
47676
97551
87377
16671
31702
77449
66090
58857
11718
37027
23499
46599
90770
5750
29601
48067
93573
63135
45967
26325
8015
17686
41674
13399
50512
50177
48483
33047
81720
3670
12451
62559
49242
21369
65252
40076
21040
4251
49704
33121
51424
3974
65938
72160
14651
77701
83956
94264
37832
82846
60587
34658
7687
54126
69887
51249
95551
33749
34177
35806
92
55472
40244
35370
37727
37211
32213
58083
89812
50958
13288
81760
42588
71526
43537
96039
46976
4966
5468
16858
32109
25803
88493
23248
5007
48978
69287
3758
71472
30684
16115
46298
25911
9579
6641
85195
38864
55213
14893
5284
55012
79222
68432
63370
20041
43280
5949
34354
95372
87355
96561
50352
84797
37437
14248
40373
96340
99130
87748
45955
12243
56121
77637
51575
59680
19170
9505
54963
22760
57726
14149
82723
20813
48932
59969
15042
23360
50977
80818
38983
65019
10803
43729
66589
97374
79354
91086
24279
93503
10505
59955
26755
65059
11322
38800
83670
51074
91246
9890
52175
49432
86117
86863
90234
56410
87086
5042
52475
1650
7523
7206
89560
43179
82562
49887
48820
62172
43540
12918
62957
29092
51148
34585
38003
66382
46810
23072
96224
25247
10753
73223
85583
31342
63993
9813
70875
54598
18285
52917
74165
14499
6999
14407
83011
11050
59271
99896
61555
75039
72789
50029
60614
53173
95385
75466
74865
80964
58174
54831
8290
55396
14707
24114
65731
61653
19489
69591
64816
70966
44017
38901
19080
83326
80691
8924
39111
66045
3340
29327
93466
87515
83066
86344
74899
89584
25900
3957
25877
7046
61119
40895
52821
10373
96732
60479
77686
44032
23287
18842
75293
51252
43439
21452
65939
58028
73504
11211
20706
51529
56129
84849
98979
39021
66593
63448
36985
36304
53956
87239
62264
51517
60668
75613
673
39227
75088
77922
73388
80583
15464
64480
39925
35359
77416
31754
12634
82604
53032
75366
96729
10400
69015
61324
72483
55890
71640
76926
39037
73136
64734
85828
32645
22052
88784
28692
58598
42329
74456
86380
3847
54935
89621
25916
78077
36834
99317
33953
92473
31612
82080
57491
83571
18621
67717
39953
26078
22060
64398
28142
26396
80139
58201
75259
45595
755
26915
17351
89586
60931
4300
89294
62179
72361
76581
97513
85614
16505
47568
90762
50566
59840
76139
88108
58755
3153
71231
3367
64546
12741
48170
47391
90164
76106
73260
96476
43578
27866
6373
87907
7098
1909
44815
77549
91159
73050
95650
99220
44098
11199
43112
78317
22390
28317
96718
71105
54302
80270
3834
1128
66375
77820
81826
75924
13029
49937
77921
97603
74691
1093
73186
70242
29917
72382
20042
45958
62337
52443
83425
867
41119
22098
67785
25927
63026
84214
35253
63380
27058
27423
36559
84990
49944
42146
33273
28649
5752
91103
70135
6272
75337
74478
71044
55100
43837
58320
55470
59790
7161
94530
55672
87544
86446
50815
65858
15586
83226
68226
67386
20414
47956
87001
8785
3376
8458
75505
34736
53053
98358
61516
75691
79719
20714
71152
433
75907
99768
58082
77288
77464
91019
85540
17403
47836
41424
37324
15598
79616
74499
28496
49306
60218
8197
37497
42606
63339
75027
89687
93812
95915
91576
69256
23984
88443
62547
41518
38522
27098
16935
91386
16538
4604
30676
98232
97196
10395
60571
28518
85800
81532
12383
68249
33631
71279
77707
9621
75395
30714
44780
72731
60315
69971
8994
72103
408
45425
87457
99497
84964
81755
7534
14218
90502
48119
36672
78034
62452
54646
32953
771
67895
87304
80755
85992
49476
57592
53204
62244
59863
83657
35203
63477
31127
39239
43106
50683
24916
13155
25054
32054
26834
27914
92721
77669
63214
9097
36707
64404
57918
37402
16755
75112
50861
12829
77510
17300
39723
97676
66445
59564
2319
28344
62274
51129
89863
38566
18405
48202
54542
43550
52785
25520
82191
2996
21212
7970
50544
18910
72500
36651
85678
61442
32056
24972
83200
29847
85072
99446
39361
993
86690
94668
89938
150
61669
84184
40458
45199
22497
76921
90613
99785
79266
68796
95112
53346
88478
89085
27298
28650
77533
91370
35616
22817
80430
87263
46968
29550
30408
60436
46269
24648
71092
72645
38856
92046
35683
55340
45445
50399
65704
93569
30434
42380
1141
68693
8727
10309
68165
15206
22278
27551
26996
27752
96850
91434
34272
88915
71995
94296
64762
29288
95970
15777
17138
39527
68690
41935
28000
95791
1956
63042
19353
29510
63623
29251
59581
48624
11590
37284
73740
26424
82209
26328
70715
49928
93613
69192
75365
5989
79908
43574
28997
5519
96613
30219
96112
31591
959
87477
9526
62503
96657
49956
49630
30332
25629
55049
54333
32170
55207
3620
12164
2874
14006
65945
26306
48121
22555
62033
43328
32172
74911
65216
96893
40266
1457
11471
28188
4972
21727
39660
89363
29764
230
52653
89918
56304
58091
34165
60830
4880
25908
70769
88353
39431
2672
10308
67398
12386
78938
24489
9706
42110
63346
62239
36196
16065
62801
74089
78432
24515
96720
22804
49034
41447
90308
30379
96047
1634
4911
2189
17482
1717
82873
39354
48739
21918
74275
8529
95105
14952
76482
76148
96881
86376
5658
8181
34660
70138
38682
88436
75264
28549
87102
12887
43672
9349
47798
13167
49967
4134
36527
12184
51587
84353
72122
16482
65895
77855
678
86801
30240
23232
11743
70979
45466
9256
36697
74352
58870
1329
20397
10342
74480
61102
33643
6101
31241
47467
29703
57819
28014
12144
54317
94474
72310
24589
655
55934
12989
94440
66902
37916
34257
14584
53267
4699
70405
76350
92929
31825
29802
52199
93620
37928
53826
17343
52779
89558
17027
27351
81867
26294
42987
23524
62078
31328
28114
95367
20238
49446
93187
25783
62510
21089
45052
99930
12081
70256
768
17361
34499
81298
86458
84238
65963
66244
52139
11703
29101
25490
66916
94865
5765
88623
67489
43860
7119
52435
55499
93339
84718
95002
90321
54605
52789
9663
58794
99762
25053
85705
73719
27428
94472
66310
12157
51175
58835
28653
24398
69470
49383
59538
9015
23993
2428
22633
82796
79327
54933
17691
62435
7736
37734
2960
29861
59699
40298
20801
8386
28296
27562
71246
92491
61987
5943
13409
32384
90085
39222
51155
422
4821
23384
75724
13237
86549
62918
12966
82543
89888
91904
57022
19297
69439
42155
27655
18507
54493
89760
65509
84805
9783
50079
79572
44756
88597
56082
63881
35226
83869
68019
81737
54166
5579
5496
95094
37713
33768
22331
90374
59369
67772
28359
9168
19726
76112
86561
94496
66679
872
20912
14897
15999
4385
43689
49504
22822
22812
3575
42197
40059
14134
59070
66434
80348
3715
59401
14057
45191
53655
69349
94825
70047
7435
6229
79636
20206
61489
34397
55387
92431
52958
10700
12963
78751
81822
76608
96617
63908
31331
91153
28651
51951
6802
90237
42345
94995
69845
80038
15774
69759
5011
9314
95211
62000
29334
67218
71234
13575
38962
16323
48522
21410
33566
96781
44859
19725
71771
33447
1023
45417
24054
24036
16286
74115
67816
76982
33323
51556
99537
95315
10853
70414
81990
85065
9931
29280
61677
8212
26140
26875
91758
39560
90433
65648
70916
32570
43549
44092
95267
81654
44786
78624
81399
63950
99959
73783
48570
94121
37555
74486
16136
15603
98340
89909
61326
39052
74186
99925
15164
10073
10900
47256
46867
4289
97343
47897
4877
77006
36026
47864
93642
13771
48335
30748
96964
49738
1510
81688
66769
78145
83064
23001
97472
44993
64313
55215
12169
37501
1277
74987
73367
9172
24390
68605
49083
31921
49534
35298
59273
83505
29875
26088
78532
49481
77402
79113
78645
8417
24239
88805
54199
94495
7543
18958
12297
47425
73403
12563
19953
43757
27806
2606
61792
61679
17554
56782
88746
10146
21511
68368
94731
73959
50324
2162
924
70726
62214
97117
32802
2399
66287
69188
93890
26626
22681
54790
75240
97220
94630
75452
84482
59495
2635
64646
99842
35991
38903
27167
19695
3825
92306
68747
42930
8594
23370
58150
24195
5727
29555
47314
71124
90933
12378
9363
75152
32942
60113
14909
31363
20085
85150
12852
48927
27517
27871
70995
9405
5521
35278
82994
31091
58131
90923
99273
42512
63104
6593
73817
50599
35446
6010
37468
46044
71401
39358
44107
99237
37972
23906
90703
9504
79924
44914
34237
79567
54158
86077
17080
22464
23064
98094
38832
38370
93237
76727
8361
57629
41021
474
29126
28592
7104
37154
91909
62602
28664
72325
72121
10212
77404
15534
9992
20942
18655
72133
14391
54470
3465
88458
63302
55791
61396
21866
91403
39167
77462
26381
17099
99655
70937
81646
22103
20217
83049
72370
75681
74261
18803
88501
6447
15353
51271
54197
70545
28525
31613
63236
82325
7772
21743
90282
54552
85270
93326
96748
47076
81028
99413
81148
89849
29229
37337
11619
57992
41594
76580
20117
41728
90679
27317
69002
50435
59124
98422
66396
28093
18379
4072
93368
29598
10746
74635
58281
22306
77623
60619
6146
74783
62554
55606
66853
3380
30457
44334
89954
48273
10045
62482
27470
81857
49742
94179
6966
55807
39712
52809
74173
60713
69435
12380
77633
33726
48168
25179
11817
41585
58848
76526
89637
42958
27761
16516
77036
83551
15366
19272
38797
11875
56711
14425
45284
70587
95764
71029
82568
21381
41637
62499
36004
22816
10897
46449
21830
57456
2634
55097
88729
11324
73821
88018
4724
73259
42029
46199
74477
9912
54080
83143
97952
31891
11255
92732
6346
36718
9146
84775
86597
86802
35543
73267
70748
27433
5944
91318
94407
31360
71077
3152
25673
30655
80491
34538
730
19954
27798
82149
59065
29547
48743
10271
58410
49299
80185
83724
27222
62027
86233
60938
72080
97557
9082
46872
51318
22928
89757
46402
64230
7823
17363
78767
10858
39814
64109
78247
26743
38942
78115
79859
95633
70594
76629
5037
78562
99087
7681
95796
64079
84542
71753
74955
58087
32846
48565
1772
9980
95169
62298
84600
50918
16227
82883
3680
52652
90450
47017
93973
96283
35793
41390
87401
11084
94056
42626
47350
32716
31883
2561
26964
94049
69692
23034
37918
98440
84325
89868
70412
71032
55408
1233
62353
62016
37665
94480
99541
24742
19721
70443
89648
35311
10905
77233
42770
73918
89714
40908
90640
81186
98790
11937
68194
45850
67611
28804
4504
39602
2912
5356
98383
38219
59797
81618
35889
46310
62746
74337
3160
88337
68991
85368
74640
27552
92293
92323
24544
73023
96120
74463
61734
36110
56467
17119
70281
4326
97468
74450
81944
20732
79866
39211
44591
33331
97725
26819
99953
29881
15695
65980
7797
78258
79805
78996
25004
46511
71929
61152
52889
78707
36886
82644
31061
97025
55328
1766
55335
40009
2598
80505
52264
58073
59558
61852
24920
47967
17205
18467
68442
37445
20213
40590
83678
61500
64020
24228
18158
36054
62730
30940
32365
906
4156
35218
92278
53858
80560
38453
60504
72087
27148
1758
2985
95465
41524
65208
61592
69792
1433
88991
53252
90462
4626
24207
71452
24591
96138
54406
26303
82504
24622
13006
86444
55617
92101
31566
5150
87653
51322
39744
32475
13929
19779
52294
26719
27057
33209
43934
60415
91296
63119
38027
46623
50466
12840
78113
345
3282
59693
699
41316
38110
25223
64473
86327
46366
69481
51868
84596
4379
51342
69871
98793
24917
83166
91614
58675
39155
47562
93551
50691
38671
97822
19147
71015
22601
2369
98133
65108
92460
97917
84548
71639
86427
87763
21171
30574
71973
88790
70945
26476
68431
46140
98951
89518
17718
90075
64932
68593
95512
90978
42234
29723
91302
80614
79733
3304
90694
16680
45446
19188
72800
4643
82029
28416
65370
41779
23501
4113
4716
34834
88233
95734
13632
17524
71637
47981
72482
22547
81428
79464
29177
24377
64553
65650
52936
76129
57713
56137
77553
13816
99591
91477
52321
56166
19699
20360
5683
55584
8732
80427
88132
87911
48652
60167
68542
54144
11495
38530
39969
6412
24016
50054
56899
37263
74502
28303
88325
22886
83802
51084
70473
39731
74011
32631
40185
82503
83759
71506
7032
92007
84830
49776
127
40161
71082
91446
84099
87917
60371
75498
2895
34436
93552
92429
74636
95164
441
510
23545
52993
70351
81082
13389
53373
73891
34900
16981
58831
52865
99260
81083
97854
77460
38338
18324
91753
67130
10190
36030
25043
44892
68678
62566
64851
62169
6489
8748
65416
594
96161
76800
887
41184
71977
86654
63398
45321
51095
14294
1359
21936
96759
18766
83741
37238
59543
29518
19755
11865
3724
3468
53127
57508
19603
23128
28136
3951
39493
94912
95146
2640
83982
59518
54084
45648
7580
92211
43496
96871
20582
98141
40334
9223
19281
55687
99295
9272
23517
32587
34239
62085
32377
90045
89532
9387
44481
89527
56803
45216
14687
32087
38685
47136
31647
54946
550
74526
96345
50089
61004
9317
87218
16611
18639
56857
40139
69517
93834
29341
2515
40178
35301
76233
56806
41982
96424
29010
64135
2114
51497
37745
60797
6275
45536
78861
50115
85622
70096
98163
35258
85485
70728
98961
22145
60645
99805
79863
23746
47409
42182
54749
28391
9270
23436
65543
90034
41435
43532
19752
5901
62821
71056
62249
66383
86948
20673
43193
96597
30153
52766
42114
47983
13827
66903
62608
5686
39150
60246
52283
69837
86037
9638
12738
35686
12782
15359
40702
75244
11250
4824
59987
42921
71820
81570
21596
72512
52246
2200
11321
53198
40211
68575
36337
2489
31437
51001
93027
59079
98940
6840
83599
58720
42802
96839
99667
63514
84141
62628
32440
56040
55370
68320
88990
15522
78712
60624
85464
42761
83112
78039
30336
69677
30959
94234
58597
74406
27823
4560
35961
80609
20635
11462
93091
21286
31046
24731
73205
78354
69935
69441
93802
57655
63139
34958
60860
97543
59290
91401
60671
43379
29721
64240
612
41508
86865
32410
10882
35390
51518
22766
44232
34006
26861
78539
24679
14419
16451
44040
25384
47206
13175
73772
58542
90968
86570
94688
17678
95781
18085
73230
5507
8778
69953
22960
31618
24633
14243
11890
21951
99565
86817
65183
75980
37454
53247
66488
92990
26269
72048
57922
27606
45711
74610
18287
24288
49360
27414
32518
87945
64859
78542
70834
91017
26237
35865
30859
2137
34972
32639
56507
11861
95274
53642
72846
38019
90146
62065
55046
72456
41627
45837
16603
9092
64686
14641
79074
62346
65136
78794
90820
79983
1646
61614
28952
21144
25016
27019
78391
45021
74722
87382
66256
46125
16272
71465
45965
74030
70068
22428
68667
97146
28714
65089
79714
63172
29728
76553
71725
28632
84016
82466
16909
2641
4145
29293
83392
23581
4510
79299
64743
60274
24508
83325
37318
66252
61967
72662
90183
97718
37128
59849
57788
18266
33288
17203
55182
32023
53047
72111
13519
16305
50450
81669
47103
96739
98214
96756
66615
47733
24089
84669
95569
44812
3409
11929
97248
45097
32963
2896
35463
72903
38585
22849
60083
30021
21739
31784
94968
84500
13778
95703
53487
68859
17396
20697
77308
52335
16610
33825
5682
59149
24784
3131
11474
72974
19927
84621
33254
7025
81097
88260
58334
72196
3669
94319
78383
90403
77106
42827
18676
90516
54639
19714
7431
59486
43718
89310
25192
66171
33429
25706
14316
26664
50533
78654
2001
8245
58730
17927
41873
70710
72563
46722
78129
35366
4622
84049
72519
39802
77227
58214
48749
85082
81001
39139
43690
35796
47253
68370
91074
10314
80512
68252
69096
37853
26233
37605
32173
40021
95178
76848
946
99592
21352
89519
60157
61512
24807
24423
49651
14199
35815
64189
81454
21754
74063
79833
98336
14281
20704
80725
91462
91053
76567
476
59665
97608
61235
85909
46813
90015
21064
68318
40061
365
15056
93426
7451
99703
13402
12517
55191
17118
55929
72708
66425
81635
45650
27032
79219
78647
12194
98325
62438
20516
6066
14522
35159
70665
83865
24853
43331
5992
88686
24638
20808
73240
8408
5648
31189
49020
95805
84274
51158
39542
85868
30796
63113
76114
90632
70129
41267
48059
69507
32187
7779
20095
18635
3767
1550
70832
63955
9990
983
94210
27244
52041
32915
63103
84149
11178
26406
2450
68572
80361
67331
36446
62781
38032
71166
40436
23625
54004
73292
27782
40034
65418
66038
38064
76714
67436
92409
11159
60563
47572
58411
51278
67330
37787
30963
8530
26828
11307
72045
88089
93710
85580
62290
84753
21257
85274
64706
39789
28506
87925
28616
25801
36781
52241
21607
8313
69356
61507
48564
83714
46876
62795
88825
94172
72741
36187
47942
55948
81807
95925
20127
60426
78256
26761
18116
6002
91785
26432
83877
30192
920
30966
3586
68274
49136
41971
21861
29215
11827
28948
66731
23569
83246
58063
22172
68058
60823
89441
80790
24434
55721
60514
86255
83647
97581
55730
66462
1983
12361
11698
61081
34571
17561
8427
36855
10007
46754
82546
47085
31645
351
31609
31540
79400
87957
87628
70751
52472
89719
9195
92688
46766
65664
46471
32295
92505
14842
76078
76261
66121
31133
80148
86511
50449
5865
69242
47225
7598
43225
93570
97747
78849
3992
18726
83257
25762
30976
98444
7401
99928
77600
73541
23416
57965
55564
18294
10279
11651
52592
36826
2244
18687
43171
20967
17031
43949
74774
7867
8043
56686
30981
18477
70564
19485
48485
77546
54426
60239
95468
73869
73114
31095
72917
85341
54308
70266
74804
55984
53069
89188
81791
14789
78384
5068
62075
21504
20049
84442
68759
85473
41493
94678
93889
39149
29455
29362
37724
9974
70604
80247
67886
5357
61406
14453
15365
15351
45524
44485
33650
95393
96285
36452
67990
47500
31791
66849
79849
734
36048
86712
15105
98406
32514
86987
97181
53473
13043
18452
60819
48002
28208
70209
77808
92213
51755
33815
25759
57501
70882
16028
50233
34349
49059
32100
30390
62583
81425
74721
16318
78424
69549
82304
66410
31523
84421
35749
91972
59358
46218
80504
41990
63638
67472
75317
98318
22683
97014
84779
59595
19368
95902
99920
59176
92343
37419
93105
42981
96639
95608
84340
1185
19401
82808
36165
74513
40208
92991
47008
2251
47487
85396
9017
52278
58077
44328
8803
84980
31251
90750
57583
21605
37418
99125
57180
47853
80980
82079
30742
13536
23284
26769
17747
38760
13686
32919
56719
75867
35044
96271
39551
2721
83543
25274
22858
64725
30990
39719
19381
98847
15734
54128
64200
58530
37329
57905
9328
9453
90310
67072
39633
60753
40332
44460
14743
54563
91638
55245
91540
55417
55648
15867
10651
49772
31382
55869
23157
95113
25430
67763
34054
57140
48473
41526
24761
73815
31510
79707
86609
85747
10427
96196
26741
20108
50155
51704
53959
32685
7142
25458
11516
92738
49400
54055
70451
84295
14840
4218
52583
85718
5952
64310
56716
46847
72831
89750
58649
83104
83062
74182
86610
99527
7824
6403
81501
86269
29845
51227
3082
89212
9933
57357
48785
39228
93440
52008
8912
12915
74772
76910
38470
69277
26134
96811
12478
86105
69426
52317
70531
79857
99219
96606
76238
6249
82077
71965
89724
18019
74422
11553
55733
24348
89181
51107
65569
65891
5910
88574
80977
65582
32539
1814
54376
61221
45164
58610
4745
68601
98596
18263
6356
30534
45217
9556
71953
58362
86974
65333
20461
9339
61899
86018
33606
37005
27319
72396
6073
46380
54464
43047
48856
44873
91137
93456
12832
1056
95507
28428
78365
38456
8077
5245
31374
50753
63719
80998
56885
24700
71611
69497
88261
38840
80133
436
27025
7745
99275
1915
91952
46462
10821
53502
24151
43035
94299
41045
24573
41451
69442
28831
97851
70179
48087
14074
78483
15898
29699
73983
12864
29852
81315
37346
3430
13493
54238
71184
23519
60127
45390
44346
50939
11808
74712
67982
74482
49502
45056
77324
38550
79659
44457
68788
87297
6416
17188
18649
49394
90926
23771
10788
92194
2479
17688
70317
69293
37193
9415
17539
6541
66509
30281
26897
34725
85709
67769
76827
21989
14256
90631
61272
91311
70964
65443
79296
82936
94536
63815
98616
81229
16186
11083
77279
53648
71055
52919
28441
47699
85886
86200
26095
14331
86119
88168
79556
17022
1470
24285
17454
34028
32457
22406
12825
28572
4695
78016
49589
29457
2835
52571
85086
75672
50967
5667
29574
37637
23433
36012
86111
34730
35246
31888
14118
33848
16546
32845
84371
20307
7567
7286
80783
64702
71673
90195
44842
95191
98901
8695
13677
64203
32955
70714
19722
2823
73948
61565
41408
53557
94306
34851
78178
38610
23137
7894
35853
5857
97365
55710
68870
98784
62866
71942
95789
65833
44879
29750
68097
13669
7899
7443
81285
24547
18806
66688
7223
20954
93542
53515
28877
80971
70633
52068
54456
80480
11552
99315
87787
28909
22291
72364
70973
32817
96337
72380
35404
60043
59851
77495
8976
75262
75710
88358
36359
70801
74002
36085
89152
22775
1462
36831
51952
80767
96355
96004
82001
62902
40336
39183
56149
96651
62880
43511
57745
57085
16071
48893
68421
62796
9209
67688
27597
25674
89570
3918
88989
73304
28042
67777
29922
22179
2751
71149
2448
58633
86963
88396
49726
34073
65360
15088
53194
39461
21539
60659
46997
38300
22963
15566
99029
64076
38514
16373
36254
88425
20143
8739
21447
27743
84446
62784
52800
17272
54586
81605
40060
26873
66107
33007
94567
51668
10376
84560
59649
9863
72426
40872
97419
35588
60379
31839
8381
28170
5680
11085
48249
16547
85551
51025
76539
34756
10338
27074
46177
52713
75279
29638
68728
67019
52893
64371
51091
20545
30624
75705
55961
73121
61494
38688
42641
88156
90680
61053
58032
81715
43542
97752
9600
56335
82188
74973
30278
47511
89962
60557
59661
91493
57540
3631
15121
8639
36077
43153
23639
53041
80556
13612
21443
67403
58152
73408
19855
66183
16613
67814
36277
51402
43803
82473
52994
63442
78173
9626
58398
8862
2471
49051
10561
63065
9051
49560
99740
39308
97604
6422
78608
72555
51008
6952
51727
47334
97711
86388
94034
97239
29484
90509
58943
52124
93502
37564
86070
47881
28532
63277
98511
67709
97594
82044
75367
84950
58258
88334
15883
78079
27255
17154
1492
9004
198
81168
15895
43094
14018
50343
81572
22785
47721
24387
31297
29352
91350
45929
3880
16887
42004
64773
27645
79658
14991
6723
75323
35622
12635
54281
81795
76830
57528
57458
93361
82237
98472
14709
93419
45024
20701
11301
43519
36333
3681
32650
80985
82538
57950
63633
7755
91315
32826
13592
32309
74056
15062
92615
48377
59229
54738
16632
38825
1440
89327
18320
56894
72039
11994
82363
4999
23281
27786
39770
88908
42481
54918
5126
92317
772
17339
18414
77393
6372
66955
33324
53408
80206
53286
36036
13896
489
9888
43383
20756
53946
84256
93328
1900
57603
10249
43437
161
81850
23690
28327
92063
93398
35377
30220
4813
40121
84684
75065
84022
27232
29592
71857
60275
72902
32558
51749
58015
5501
63768
54729
97959
30758
34198
95821
8308
91072
89485
30417
82145
6732
18071
47634
21110
77741
44106
62745
11332
44559
5802
70815
95618
58780
89923
33418
29615
11380
21348
68560
89678
46690
32329
90821
65467
31426
96064
1198
73484
25715
7974
8534
77291
75059
35392
55592
99326
5318
46337
69171
56768
84426
6496
2533
35459
44560
8941
62530
71068
13204
77289
36083
70427
64642
10048
31631
40978
12228
32566
53113
1751
25479
35861
28135
35350
99359
32302
47231
36360
51438
11000
17486
35843
18768
41621
92096
37935
89810
73985
12384
49840
63594
71451
16441
79996
68840
30136
68233
4681
34417
91395
77959
45461
13648
5553
38592
78378
94747
67029
75990
39929
68240
96906
46244
51156
8631
58887
96895
55350
89407
2029
61373
56871
15501
94751
46845
77548
63247
32560
67723
20837
14923
56910
88914
71686
86855
95010
88944
11675
99777
95999
7151
45937
18473
80604
58283
79120
36926
8188
90007
13426
35746
44985
35738
14958
49951
12471
93901
30921
99307
31371
31303
40468
24291
84094
30116
54688
24619
76934
28251
28455
26552
78441
86277
40609
15987
93177
44171
80717
15839
37322
58268
13661
90944
8962
53101
22580
59632
85794
32989
99784
35538
52484
74290
29472
42012
75765
35586
80970
13051
9341
32125
93072
21391
66742
46626
10023
64186
973
83843
12363
98877
25320
59162
47639
51171
41430
53635
25203
46682
7287
18038
28119
36507
10951
26494
91600
15776
53755
18406
78569
7467
14815
81922
88033
83662
38626
71649
18472
44439
39735
40387
75283
51450
85752
20575
41324
71891
85319
26003
53310
48497
90037
96381
79157
6878
96677
10546
17121
80207
69375
61646
24441
54082
71487
87255
90299
41913
53269
51029
11545
88600
53065
40732
76162
28680
99693
41868
13381
57854
23363
65230
40257
92940
47106
2849
48403
1518
3329
13061
26853
55388
87570
86810
90396
99985
8589
52223
36995
29906
55610
61540
66925
78774
75162
29406
66304
8765
22557
37109
36833
71491
55748
88442
6099
37023
9110
35546
16507
42838
43079
10361
30922
59843
83744
58037
22296
11134
53951
67516
1573
93433
20578
18709
70057
69782
41755
13898
48546
99830
48471
66711
519
74075
45116
37969
34317
87805
89162
63222
89225
69728
68280
10438
47247
18576
30811
89348
444
9964
32335
66025
67682
33712
2605
88389
56789
99524
34373
95467
84403
32366
60607
93896
77042
28268
56039
33226
18016
8849
88715
62079
65253
88689
78521
64029
2975
69780
39245
35561
41034
37145
87444
81208
22540
76502
33396
15318
90078
40777
5494
49862
26609
46089
70598
82136
64760
7881
27945
55465
11561
53651
24420
3672
99927
33995
56943
29023
36762
28413
32272
82690
60320
82812
24771
37256
82376
2107
27141
25640
31346
30894
88691
71755
14702
8293
88802
1451
98477
84219
10949
35927
31269
6162
37902
53757
50840
35724
27386
94378
88361
6745
76833
27309
56546
76495
22638
77433
78400
44572
34133
34491
92843
14642
89616
22261
12245
32752
98544
90249
21065
70941
12224
20988
14905
31165
8893
78862
43715
25411
8100
4196
1696
32637
10659
25626
61189
26675
49363
1478
12154
77539
25163
22531
30860
92817
65971
14758
20239
10098
53007
65573
28739
15010
74824
6457
65207
88414
27819
81472
79132
57515
84690
36552
40187
67530
57678
90848
70063
32107
64309
40308
81479
46879
72244
67009
85182
22686
88747
7649
19858
56889
37139
31080
26904
97518
62407
95430
88152
38179
98044
7473
77744
46225
33478
61257
92483
2771
19047
66449
43042
28888
40706
77639
87607
11981
70225
75689
81022
30778
84250
17212
48494
56303
82253
78786
66487
15221
38940
83460
11587
12494
64502
650
30302
28037
35280
42503
66459
23145
99684
15849
8116
9821
52534
22630
94597
90530
32301
52930
28718
7351
25687
28783
11367
49266
44865
62697
50582
51040
2359
69739
94813
77302
66950
33582
95841
24599
36211
1943
22827
33676
68171
85074
2204
28553
98754
28064
69524
91375
81372
52895
26844
16525
59239
35300
34390
22687
73544
40857
88409
13516
93417
88136
7667
2292
88271
68265
71538
28457
25740
38256
84121
48954
81443
31285
28366
17743
15574
38601
72342
87236
39180
76990
74926
88680
88172
95082
97252
86630
19739
93201
35674
61250
5340
32996
39016
54287
34545
64747
66494
6208
18238
72171
64639
47658
74619
66670
20330
85528
2333
10339
59504
99014
82688
8199
52909
93064
46141
51474
56246
94587
37
17946
29586
89977
72470
26340
25990
57888
70308
69379
64517
17052
22317
25143
36459
75591
82370
61450
82509
24121
34039
73073
2124
55476
48156
83221
32007
82434
4902
55616
89949
87204
24352
37738
59445
61002
27086
34321
14317
69051
51632
21151
91161
56698
28717
87349
44650
14403
22759
50223
17858
55140
11660
63999
43235
94561
35811
81318
51021
33378
36249
27081
30193
9908
40260
89169
26073
49311
93637
70791
73033
17957
16616
23923
42307
145
763
44020
8906
28751
59092
44041
7588
8130
27374
19551
63414
66825
93774
27
77535
51636
22586
48278
33882
96484
79415
37404
29651
39058
46955
64238
78992
39921
24069
33596
37938
56064
36443
40785
24404
98184
55737
24502
16848
79242
22358
48389
45443
89178
35161
7702
94035
74188
8259
88888
99214
22983
93073
62714
77353
9846
80477
14056
76351
74227
18714
16245
62097
9057
36501
73176
7977
17526
57953
77617
78932
44132
8237
96236
15066
6969
23318
82196
54768
41322
2220
16773
22215
87918
87116
1929
36352
86267
46139
33269
40668
36042
92115
54655
10633
9988
86224
85538
61190
33616
90515
11467
10113
49906
36384
77869
2690
19593
9635
35709
43768
41017
60296
61726
20763
10369
73058
21693
50392
92243
94979
29218
62597
91810
87197
78780
80713
30554
16939
54321
14460
90001
87597
17045
33970
71579
84981
61889
81321
97074
79210
30934
51283
84422
91284
34565
59341
19450
3732
51823
46729
11844
96550
33118
26101
50747
35735
66754
15713
98821
57807
69695
7747
21562
67569
81138
93741
57096
58270
73035
21960
63473
89636
95411
13224
82615
23668
21768
95524
80124
26397
89865
77997
17226
55320
56059
55571
92381
13496
68773
19370
83736
51889
42698
80726
58154
97382
21121
66569
33837
80992
29542
18829
60632
95175
65393
38796
44335
93437
5640
43553
71088
82087
84288
39836
59257
61050
89722
73216
87196
55168
38772
178
3519
41648
43253
69674
60679
36491
6983
13215
38257
62546
50668
51064
59614
50980
77719
73539
14996
84364
89547
23119
42111
95613
85792
17498
11571
96626
62454
22342
32070
82603
11386
26957
27677
28191
79445
82252
44317
96885
71837
49250
56862
56525
12264
49023
24252
28611
93792
58562
56425
1293
86771
66390
29528
23659
73760
63808
7783
16896
28132
71104
47227
20579
57497
41593
87614
76631
38595
36313
80359
36129
38835
67334
16276
26070
75054
61207
85337
32839
10091
90605
75451
85478
67542
1015
73579
43533
84767
1746
44366
22068
52822
52685
35643
1207
29042
12532
46023
98432
59826
32101
49801
85671
95824
53574
30121
45570
38412
57614
93558
27975
36794
31962
75383
91928
8576
8247
12750
27800
38543
15558
86730
88578
81231
65995
18318
25645
70194
89462
79806
96996
88740
45318
27048
22414
2161
31150
83120
20086
88405
3344
9875
88066
78120
51359
12336
85650
4029
35510
49697
12577
374
72305
39788
16976
31578
14066
30696
10676
89263
636
62743
17117
3374
76691
17994
1463
48823
38725
5660
64134
71257
90956
76358
43826
28402
93725
36702
54559
99711
42241
46897
3529
97534
3003
74204
629
57002
34749
80413
35956
87299
16415
29905
22385
15307
49551
2511
91559
75859
62843
16598
78863
66078
41931
95666
16447
47888
40591
76721
95663
95869
98839
61144
10857
97394
29696
9613
52034
27010
27588
97649
98618
89009
27634
4105
9487
44513
88366
97587
71558
94669
19167
56920
12969
27770
29437
69026
6414
7621
4529
64365
12320
86438
46088
32818
64698
68159
35872
91173
57910
34024
97206
90589
17491
98691
37616
41058
99270
47889
67067
84801
65658
4460
12643
20027
17299
81154
4368
28236
77376
18089
99043
39648
50453
40197
60658
57478
33230
87900
44809
38481
3677
40898
1116
5571
97665
218
18519
3072
11758
8522
70216
15576
30132
77052
74475
22225
9986
40607
37246
2593
43483
31665
23809
42618
36436
11762
53728
2294
49320
30889
27958
41419
25399
761
86176
34672
34303
51284
45042
6014
43258
81937
87250
12038
90596
30161
23078
13735
85440
47322
33550
76571
15482
23491
25601
93345
82777
92394
47440
69505
73733
9360
89529
44180
56320
7862
21909
63287
96
77732
18492
35936
87698
27307
16468
72443
19888
80398
44469
51863
57308
81194
5287
52088
26515
7407
77937
53195
3723
91075
90220
53576
77945
67808
89379
29349
20525
86356
34273
20979
48858
2661
67321
67237
11064
73116
499
52270
10068
8578
73034
40471
97504
78811
82270
82985
58332
67380
49585
44923
54766
21372
23486
38639
62987
80374
69650
52963
67616
41081
21728
6899
1958
67359
71947
64991
72793
83139
58048
59485
41946
62117
23192
2650
58862
69501
11911
86477
23727
13418
51223
60288
1323
18160
13566
86517
85862
79629
32276
2194
99185
97122
76585
72484
87599
88321
42395
41651
44054
77715
82521
31484
77445
75421
37049
32321
7559
60739
67548
66863
13656
97926
98826
5796
44877
70636
32895
72352
67803
89492
26166
55849
72442
85401
96364
55976
6500
37488
41341
75641
45213
90841
19385
54864
19970
59756
18591
63731
31358
69226
82197
42051
75835
98465
97533
45553
8477
73195
6599
38939
18780
20258
29685
61862
86871
79107
76912
80437
40150
73849
3412
50058
70482
2973
80224
27413
54774
38013
75426
39196
19386
79712
68022
94414
49348
199
12022
56964
16452
82115
85803
55801
1204
68633
38158
2304
30105
61593
14759
25288
84870
39576
19870
85206
60973
65500
88827
76429
57705
16379
71275
60585
13596
72403
5327
9710
14962
83334
20838
84297
97736
47131
96827
81861
26589
32208
4207
29608
50879
40358
15513
12718
54986
31393
30238
51475
124
37127
98642
13821
39644
80475
27740
49045
57161
51874
41040
75637
47307
52438
14884
22080
26379
20321
20237
95527
92680
48166
92669
90229
87718
85816
66189
82893
87164
98226
76540
81895
23888
81766
61619
3662
58318
22818
45309
59337
29972
27491
47632
56632
40025
66930
37871
89632
59333
62129
75429
48198
13895
7691
80453
41175
15679
91868
82133
66877
5708
39911
14152
34898
49755
98695
20017
15348
11767
17230
19185
19513
39441
63492
35057
32346
14527
21365
75049
53231
36797
71375
90000
99624
35966
22032
28372
59739
77198
87220
9338
33929
2276
55298
12806
18323
41706
8251
85569
87908
53892
8242
58910
26254
33675
16483
61325
31723
13863
35399
29494
91002
55386
33490
1074
35183
54448
89839
23567
55120
78696
72337
68361
9770
7411
30388
82847
20447
52203
86450
88984
11551
53668
44920
3090
72605
9643
97201
75090
65736
42406
23826
45453
37980
79173
49852
19697
30110
7067
79710
19889
68535
3373
42122
89991
87943
30762
33486
79550
42883
23676
62712
41796
54821
37615
81574
99579
42383
19258
1268
55693
79051
48120
98933
81480
56509
57061
70046
48607
90063
69652
19052
35720
3423
15837
80796
65223
70888
45468
70114
25671
19360
93891
68146
36978
87753
84085
81961
28252
75736
49275
2449
2513
63921
53851
26602
83756
45886
89862
48244
61098
39486
81459
13366
3166
93769
2156
81603
24991
96920
50488
18012
83659
81492
35487
27196
10119
30340
15800
27498
66734
91733
9130
38581
54467
62507
87808
24507
73987
73084
98391
9305
80016
54380
67588
37559
67031
53263
56419
1242
83117
98974
47736
75034
96795
51567
4899
16930
18373
24021
39376
88313
60134
37813
99796
97012
67125
22334
87962
10196
72716
33116
90410
58495
19669
10211
42294
10574
20597
39334
94619
34623
77913
82925
55456
52259
47761
93743
21109
9708
85482
32526
91155
8734
32868
57733
90952
56462
68150
56047
92833
33442
90006
3588
32435
30474
8340
11407
66954
91184
38360
70989
22220
75905
15716
29559
51652
36699
84370
81013
4495
76628
78081
50332
18431
29114
72879
95123
12274
76573
14330
12387
88508
70277
8501
11549
15924
54180
92826
97731
12057
84701
97275
67104
68441
78307
5410
53163
98077
31017
93947
179
92834
83276
30943
3725
22417
29193
39549
94533
40854
58108
55886
1598
38568
31155
30527
20921
98095
99854
15892
47023
33589
96766
57683
62007
81337
64795
58808
47958
94089
45695
59805
53903
44858
50130
25165
96131
83809
5140
65590
64345
26425
170
46344
79785
3228
66342
48933
37050
84369
80747
78634
24574
98457
17516
50633
80240
60640
77118
22114
82828
7731
6434
23020
16895
47830
71303
55587
13684
83497
63132
58656
40129
95447
1251
52119
67797
99662
23909
80657
48680
82403
55195
40247
63261
98589
54441
98378
5792
97037
82934
72531
37934
88090
1149
93771
60513
37503
96775
13738
38094
43126
26732
2999
71860
98666
57370
43646
94963
36653
73509
26738
69384
54127
53334
68440
30096
23046
92463
99081
34943
19917
16198
72467
85041
49647
70062
45229
69336
94508
81275
23146
67538
87339
14091
24451
77146
13595
10995
82439
81451
5277
82929
35945
1883
17014
30727
64027
15630
15673
56029
33504
58368
6366
15054
43698
24636
94594
41708
8918
3093
38030
33176
73231
10653
82345
88432
90927
75357
9081
89435
48051
84423
59637
85155
78229
54062
1352
49532
39470
59711
56006
40528
3251
71026
18333
3961
95171
86683
16846
91424
43373
81122
22660
77454
75414
97967
85288
8586
24048
27233
66349
3870
36618
24178
54384
29240
51936
24110
55025
20759
78176
59261
26477
32873
16601
23337
73631
39861
65368
77342
63537
51502
89210
91306
29498
23889
93784
27804
27404
96279
99019
4650
90697
78630
3909
75755
36104
16954
71043
81216
72200
43492
87527
3945
25011
63021
76577
4041
29864
2398
3606
22227
3111
39364
72445
22771
91384
67143
49952
6438
16512
39862
78484
72425
43592
44633
74096
78603
21247
73928
2047
57716
30218
66757
29870
11113
63511
4984
1845
20101
16151
57054
96524
97627
73526
71021
66210
48092
91956
56542
48725
15274
44425
64281
80697
98225
38372
47324
84729
65756
64141
80391
38472
67974
54951
87863
4056
95288
95064
74739
84198
73727
67519
3269
46585
81767
97098
46482
11376
34815
59042
85131
24628
43502
30041
49705
18868
25723
36157
6397
24209
43057
87027
55527
26027
31329
37941
52024
54271
72532
22267
37177
18167
98930
93380
41465
57018
92461
93816
68511
62348
10094
16026
24179
97235
13947
34774
96038
38737
46117
80311
86118
79937
17787
11137
71022
89302
68760
56886
56662
91193
12142
52855
79769
3569
29982
46543
59235
76160
64569
16922
43135
24493
99942
81712
36739
74530
68199
38950
3039
70045
21277
91063
87666
4666
47928
88007
63817
9294
66694
52286
90772
42485
85085
3044
78024
82759
73181
88190
48542
53465
66380
76104
66447
6857
19682
68580
43818
53831
31213
44011
81855
27516
48780
98492
80099
2059
75188
22011
71735
12676
28092
30307
65049
49558
96251
57100
30404
32049
75295
59202
75296
65004
20877
28349
60524
91797
22619
80210
96703
36371
55026
67944
92510
93452
5733
87467
22503
53188
21719
62590
26608
85276
3106
10758
73308
18877
23919
83094
93107
55463
34543
2345
88812
33849
34844
80854
66155
8400
21986
80782
39949
58250
18125
84937
20527
91269
6534
16385
85882
7878
81299
25020
12831
54972
69485
93556
67547
60773
20969
35547
74927
52742
71598
82256
42068
88743
38531
42284
7326
53078
95320
62982
33225
64484
5351
23490
51671
62071
9508
5048
68319
40421
63484
79378
99041
42432
63190
92944
27250
67665
64344
36065
77713
43959
36857
34785
89334
48516
29294
98097
19778
64886
67626
8513
45110
85510
99076
40103
19262
513
2335
51075
72157
34386
26308
34649
34515
54095
8524
11612
52382
52427
91657
69049
66345
88629
39073
40082
91080
27066
43276
57818
54434
94953
51090
82858
770
36913
13915
63642
29558
95313
75197
32493
8164
67701
42186
16493
10778
56201
37161
98005
10127
72006
49321
69472
82166
78407
79936
6847
67670
12382
41057
21590
39623
75266
74821
2089
63291
86418
21883
1326
20104
24681
38694
27205
44949
54345
60412
69651
36137
20740
62892
98147
91048
20277
99072
46896
30629
55622
53990
38916
65080
26463
27159
2921
6656
2818
21552
5326
72891
22895
17800
67812
11330
32133
49588
14502
39141
65472
76092
5288
29903
88664
37797
61913
85814
54575
10304
50157
76511
32670
91839
46852
65166
29855
37754
85258
19608
67917
16327
36087
34439
53540
21720
40755
34161
49515
99836
27873
80402
2004
3310
89057
14733
44831
68648
97779
18898
5472
89047
29281
73001
63288
15854
68070
91212
27570
33031
95974
20885
11096
96611
26403
94720
61896
76249
25499
24231
42079
68512
9162
24914
7255
13480
92712
93536
39363
44921
53311
60953
96560
60637
98962
47260
19481
27953
95799
92716
78195
46505
58899
25029
35676
94100
8231
90662
2532
64339
31243
75158
17101
86021
18262
5716
93055
30555
14085
10656
50760
51230
86404
58278
8153
76673
13854
13126
49831
84912
99973
3931
36035
82581
29626
26750
94386
43025
16518
79029
68709
10647
51384
54898
13824
77556
71706
13159
17178
84117
4905
21323
46792
59137
44205
34315
28225
54021
14852
15581
8102
51354
41930
50080
48620
33260
34713
66236
73498
81949
58325
13411
92006
43086
31315
4597
60748
26364
80230
54421
22143
5060
68787
5412
44966
73646
60568
22256
46350
48399
81423
86874
55167
33634
43576
24092
83770
42614
43319
6540
5373
40932
44259
43744
28312
31486
41757
67280
92777
39976
66777
87566
68903
22112
43488
94444
62256
82236
24442
30987
30644
7099
49480
34066
56867
93501
76445
37621
28146
98906
48718
13200
61705
36511
41469
46130
10281
75603
90999
8819
8749
79638
50892
55397
77682
53527
54804
83083
50952
91160
89163
24611
98186
52145
86836
66059
11648
3219
31235
2931
36603
80929
20200
10460
77059
81511
66898
37844
91037
76483
20592
74580
72830
41413
21339
8464
89300
41135
10508
12421
86011
96809
33896
68428
42348
3331
19455
33613
63630
37122
10606
47875
35523
27765
57420
14378
58927
60602
98581
64831
9765
15252
72848
25228
27629
64206
73525
72949
86674
49482
11608
86397
289
91678
29397
98997
8693
78705
87890
32338
90134
55546
61771
52349
55450
95071
24881
9838
96170
91279
63454
64523
79241
64119
53695
46559
15374
67314
54953
72583
70984
51623
4741
84065
18130
29632
51398
24009
38904
54532
50293
89596
46565
81272
58759
39092
5499
34280
34619
9928
1674
15402
91130
84689
99530
63201
12677
99464
34095
22533
22493
90800
94715
11779
94840
881
89827
75667
52109
78596
48070
67859
9661
78351
34557
59778
85641
52173
52721
84668
20293
34142
95790
76081
29831
86502
59430
24346
42685
78698
66281
81841
82948
47973
92160
51208
64352
76661
1597
62753
73421
47197
56762
19920
26603
58014
76832
79541
60711
4268
44530
65175
95773
10016
24546
87625
28958
95681
68278
67242
85032
70712
58830
76201
80388
93632
61717
59318
45469
85694
68003
84074
91629
83271
99071
37953
89782
83633
67838
38528
76615
73828
67224
63126
23586
13958
54169
68695
99069
85428
58103
90774
861
76283
11129
318
46938
84733
55857
65241
47965
63034
38198
13076
15044
81310
29476
99438
68357
28935
47829
61996
13404
84413
77149
13164
56946
92345
480
15304
3480
77986
36936
96584
85279
99949
87084
73534
40307
67702
88544
91838
68044
69950
82741
58815
12700
51041
65007
25465
52932
33194
27034
12427
46134
2955
9763
38475
66147
4563
72981
81214
68996
53060
1082
34838
34750
76151
72669
27654
2366
82827
37188
12556
17429
74342
20640
62831
99605
60566
62266
15796
48567
79342
12715
18663
2959
8210
9831
50489
38272
23108
47207
51644
98480
20304
60198
72075
75077
81531
86553
16216
43558
53863
62042
39849
31545
98578
44907
66423
53800
23359
49948
98223
70117
67415
57340
94796
19775
34516
57381
25048
4835
6951
30010
5014
61767
68539
82337
593
57988
37744
39532
3650
2461
35112
87422
30514
87073
87195
99024
55469
61479
22978
34678
49821
54568
4126
84247
28702
86201
32876
25878
61115
8389
2906
19295
62674
92358
14692
59380
38587
70448
93157
98797
1797
73261
67819
7892
91793
55027
73487
37296
51464
15871
11600
98191
94247
57330
74880
19091
15517
61581
89499
83116
11734
91755
35371
73810
70856
39370
45943
4585
54836
54833
56421
37746
18792
31482
16659
37814
54702
77083
65214
38088
83990
62099
46901
50645
70474
84831
55132
91397
22016
40227
18633
82114
28622
19518
88576
4086
77496
10713
52843
54378
68765
5557
50591
17693
78107
26448
54591
28593
93260
11060
13621
75009
3237
29191
43425
57894
49246
46121
82857
75880
36448
37692
30382
23863
2609
57742
40812
60534
67463
68029
14557
65330
32835
13365
74164
18934
43004
94839
34067
16361
55136
61654
67823
50186
60806
3850
24181
78545
27626
29409
34777
51177
7555
77058
74308
1213
61179
25680
13628
14696
41151
84616
38887
16521
55711
72509
33215
24667
61317
69394
59933
8864
70789
65555
13169
3316
49550
66419
66072
98134
34433
61662
63857
77380
22489
55659
39543
41897
24766
73682
86012
73431
27383
81222
39978
20687
35790
79190
74871
77792
26293
21396
17228
12639
25873
54608
27334
16684
83474
31016
97994
44783
6105
12063
95755
71423
99492
67593
36896
20297
82713
28414
28565
95471
58616
59072
23048
86739
82747
35844
81541
87325
22086
11556
12412
7356
66905
39566
37219
80799
1689
50674
17116
96608
91342
16401
4151
16741
1473
84017
99177
36497
97265
2442
39628
59409
87548
37344
36825
86759
21058
22292
17790
7883
73905
3200
97433
99432
836
31682
27340
91029
23139
76185
96869
76471
84888
571
48583
62161
33367
47684
64354
51656
29637
1215
77699
93869
25973
76756
32479
37833
14456
98234
63898
34247
80923
32044
81234
56381
52098
69531
73919
11014
45775
99013
84193
18369
18640
28107
1946
67201
20660
28485
27488
25125
22272
57720
40960
89150
5566
83114
25810
22877
47642
21198
39657
437
39701
8316
48260
82506
98977
39673
8958
84772
60957
14282
9024
25872
74971
31745
21481
30229
75727
20168
28231
74375
79129
12221
88661
65593
24644
52483
10450
83683
54101
40608
45864
27794
69957
39909
93628
75643
41583
29758
57660
50425
91631
25901
74255
33583
49138
34323
63976
5697
16849
89743
58391
76623
78009
79602
62640
24146
65652
99850
76600
50414
73752
79122
2892
5764
77783
78380
90076
89574
10721
47556
70302
20343
45178
36398
32869
24351
46564
24256
41970
1068
47115
40016
2235
15682
79531
32451
46923
30496
93061
27745
74424
38190
98556
96428
72055
69331
92212
84966
34599
1523
74185
22752
62022
99103
68248
74104
12909
9956
25450
55286
47644
55558
7131
73336
61191
54022
98386
75854
26377
7937
54224
3249
97659
54349
89660
49983
20850
78440
83177
86565
15312
97212
2801
97080
46352
96528
98041
15043
32240
31648
7387
72666
56458
1588
3890
60090
49016
47449
33823
20628
79300
67586
81103
29921
34255
41811
26110
20871
36008
79128
34933
96957
10780
46351
41335
53862
88766
42913
25652
97621
64699
91110
58264
18164
73601
74626
32997
76574
78269
85695
91227
20285
41991
17187
18515
98453
98768
48058
83413
24754
53368
52542
55943
84758
90097
31847
27240
33560
25339
68746
45745
36123
89297
40647
40318
17924
68321
79100
73218
25489
72054
42346
5264
95844
99626
68547
44952
21133
16101
23584
99948
89136
64278
6907
35173
72266
34367
24561
51759
74151
11384
51946
7648
28824
6063
23797
67364
7295
8114
12833
98993
13037
78369
70120
43368
92764
18271
85226
63538
62293
99265
82477
75273
33684
29231
69518
98267
94160
64370
95131
49167
34967
13843
86940
52409
39993
38057
29821
69445
67246
3071
42292
80912
51970
55486
78930
70292
77607
49934
73141
23358
2021
45399
67949
79884
1372
84874
30832
56925
41254
90510
62840
3105
26995
1525
22403
54339
71137
66212
34121
36244
30918
78201
88472
92092
94636
17462
79227
82435
3892
25241
23576
59187
19265
69393
41528
71372
25529
75157
84064
66557
86426
21958
90111
90296
56980
22286
95129
81898
13387
47189
66989
2669
39438
13956
50118
87056
48136
37919
67600
22369
41721
53671
38766
47381
30245
72023
79584
15791
54159
56163
53180
67719
70130
51317
88250
69675
8521
82083
86951
3941
29676
434
97892
42037
97723
77082
80027
26268
4153
43232
12781
96272
18241
32289
80242
26585
97984
7394
18070
20537
20222
53672
15251
7419
58578
67251
79815
78396
23846
15328
62579
7092
68772
92935
60397
4100
13491
62981
44765
88025
38527
73369
55597
92756
49947
88163
81845
19131
6086
30438
551
51299
88495
99932
86967
55916
53866
78109
23989
53282
65901
79248
47139
46863
78796
39737
71704
88874
58639
45317
97140
61292
5730
55866
47252
69386
48003
26119
74117
91610
54874
52589
63561
2325
89912
98144
89994
26376
69621
20622
22868
93696
4093
53813
57958
48654
2793
85656
93376
69105
95766
96792
65455
65597
28579
24319
9761
98321
55705
24438
39268
82432
97989
58366
49387
73312
23354
28364
94065
16486
1764
42407
62197
32715
12611
7395
30946
67113
93430
39755
26326
96114
80069
16691
26483
28893
49623
82406
99271
52962
79149
81444
51067
37040
21632
62952
11382
18580
6513
128
42533
48687
28530
54030
35894
78130
15292
54640
70323
36678
6895
40267
62537
57985
9239
7009
6340
97475
32474
28070
61444
98105
48808
16698
45840
83361
19809
17292
4174
96220
17904
22794
20923
36405
23871
45724
20165
7851
41919
88088
73696
20172
38448
3720
81793
93820
14841
27251
49670
12702
37095
13142
27928
75752
37115
10678
34279
20851
70262
95354
54519
8671
11320
86820
25493
35211
394
27737
73588
60445
45747
56072
59769
83291
18132
69024
88898
19487
87906
78838
73789
56856
90269
24697
10668
86283
94493
25237
27068
48948
2869
2138
28401
89439
48670
22556
64058
89487
37137
49024
85619
11316
3943
99362
17223