5000
7274
9621
1200
6476
2634
9242
9361
7581
5254
5732
980
5409
1296
2462
958
4276
3579
1578
5189
7013
2069
6837
6301
2470
8180
283
968
5055
5796
9315
5177
2188
8668
8769
453
3554
6967
4482
2538
8032
7326
8601
892
8791
7600
78
9172
2920
8740
3788
4438
7632
4777
6396
1121
2889
8558
9940
4363
9601
6661
8639
9615
6000
8975
1532
4546
9307
8553
6346
1040
8670
2
2279
4671
9214
4544
5885
5011
8517
3127
299
2025
4521
8642
3768
6424
6665
6829
7552
9084
1247
4122
5
8405
478
3216
4502
8330
5807
6682
2811
4683
6298
8013
6992
6751
7904
8843
6406
5571
6152
7803
4289
9329
4539
4832
2225
9190
4033
4299
947
6393
1684
1177
4327
6801
1269
4070
9322
955
5414
1891
1585
1656
690
9241
5806
8319
5551
448
1596
6345
1858
8275
652
9262
2827
6917
663
9885
3965
508
3483
636
5267
2403
3113
1673
4514
3550
2955
6051
3953
8450
9850
7944
3758
1688
1154
8571
2702
8612
8012
4726
2871
5148
7141
2321
2680
3567
200
5328
8956
2442
6442
7461
3602
4891
9669
8061
2874
3077
3219
2736
9837
3655
6501
3986
1884
9148
1032
6565
8691
89
8901
8733
4055
5932
3889
1168
9413
5664
8821
2588
8143
7059
2372
9726
2610
6548
1956
648
877
3744
5811
5416
8569
6656
5085
4270
9033
9949
2422
3048
4362
8778
2099
9092
9181
2039
2684
1518
8633
9747
9944
2211
8680
3475
1994
4272
6169
9932
3742
5847
8626
3563
4242
4986
8664
1291
5568
206
9365
6974
981
8422
5931
6221
2035
3592
7763
7478
1743
7514
7301
828
2454
5727
9107
5281
1773
5579
751
577
7079
9391
9264
6277
6686
3324
2991
3895
7747
1317
6799
194
1674
5780
6961
8059
20
2676
736
5046
2622
1572
1179
9167
4132
7048
8894
2368
4101
6644
7414
1912
7992
4754
593
8828
7675
1009
4458
9400
237
80
1842
3866
4429
6500
638
8570
5849
2208
4428
5006
9886
6495
5518
6752
6611
3515
5052
9969
6862
7916
4960
4951
9235
1420
4304
9582
4328
7081
3119
4105
946
6604
5682
8661
1894
1281
258
8547
3440
2579
426
164
5063
8497
7955
9887
624
8144
7207
5778
8228
8005
9437
3034
7953
1750
703
7707
4057
7010
256
750
9170
8735
2485
8162
1045
3856
5495
4675
8871
9377
1560
4367
4939
6571
8077
454
5701
96
2038
8982
7321
7800
176
7041
3558
1868
7729
8421
239
3104
1372
2451
4931
6028
1169
4398
1267
5367
4211
9126
4908
9967
5442
6740
408
1257
9121
4797
849
1960
3450
9549
2885
2931
3767
5100
1925
7121
3494
3654
2997
6452
6921
6521
7766
8548
5382
3764
8003
9800
2327
5192
2999
1429
6151
4279
7653
832
3130
2880
5464
5221
7985
4858
2778
3625
8440
9583
1582
7733
7698
6835
732
4107
3692
6141
4839
5700
997
7380
2280
4824
193
3031
58
7278
696
5812
3703
3907
9827
6906
8650
5320
4487
9155
712
349
1136
5296
9568
8391
2216
2552
573
5708
4773
7705
8483
5514
5009
4593
3989
1645
7603
4629
5212
4268
7517
7788
2475
5754
3514
29
3849
8039
2706
7933
5042
6552
1334
862
5370
8246
2429
3548
1633
1859
746
9753
6455
3154
7385
3648
5044
6778
2782
8343
8209
1521
1793
1324
7956
9368
6163
4921
7971
602
9833
5064
8022
4177
2990
2718
6966
1864
6250
6302
2471
8804
9884
5474
487
6777
2426
8945
4344
2199
5535
3414
8251
5217
6489
9766
3909
2529
2690
4788
103
48
6275
3536
3622
4434
835
7893
9402
4238
1465
1489
1829
4624
3838
4208
9905
4765
2602
7280
2134
7927
4254
6896
3423
2978
8880
8080
4019
5388
7195
3585
2656
8915
7425
5820
6013
6782
7272
9356
7772
9390
4571
6932
4631
4889
6089
213
7652
288
5470
8997
9532
4120
8406
4334
3424
9708
2500
8462
1011
8538
9706
8398
4255
1759
9257
9153
3573
395
6724
9032
3329
2239
6621
2417
5024
9106
2453
8078
449
4253
1398
9736
3779
2313
5098
7015
7921
7910
9118
9954
2611
2081
8807
8568
5819
8877
4161
1147
7172
8408
3829
1043
7310
9728
5062
3782
156
2070
4916
5964
2293
2047
6268
4895
7614
4103
1640
9161
4783
1619
1182
1606
4000
9339
8072
3741
596
7874
1597
8545
9607
6700
5576
1872
9043
3881
657
4663
3217
8324
4226
2389
8857
9823
7360
7857
8641
8816
9504
610
3669
7593
9947
9089
6990
1239
570
4718
280
9467
2965
6190
1844
760
4833
4448
6313
7877
5681
1895
4404
6848
5773
943
2415
1377
6379
853
6887
9642
3843
3080
4373
9720
6855
4612
5826
3318
9229
6407
794
1562
8747
561
4292
8792
2021
9020
2468
7719
36
7620
5000
7009
2546
3442
9635
4840
7564
6662
94
4400
3653
437
5655
7157
4340
6203
9856
4134
8340
1380
7731
4200
5533
560
2248
3724
9552
2837
4190
231
2357
7538
5998
317
8786
3234
7588
6879
2428
2772
8724
101
5789
371
586
368
4888
9249
8910
3218
5131
9703
2750
3387
9997
1479
1706
2758
8752
5155
6904
2406
1561
9763
7759
5990
1604
4084
4688
1426
4399
413
2906
5641
7687
3366
6938
1782
2936
1931
4503
6878
1340
196
1422
4247
1064
1277
658
3401
4644
4129
6135
3032
9644
608
9948
8622
1552
5968
939
9124
9272
9697
8597
3803
2161
5265
3367
5158
3133
1889
5237
8457
6260
7283
2786
1129
5540
5122
6421
8320
7750
4741
7829
5997
6204
7700
2979
4204
2646
2673
6671
2302
1148
9267
7012
5628
780
869
5048
1728
4316
2613
1025
4989
6924
4653
4911
3538
3719
7389
9992
4950
9446
2716
2822
9807
5908
6589
6270
9493
1477
9918
3836
1725
9271
5852
7492
2519
3364
9141
284
4739
4601
965
2692
6515
8977
5398
9425
3103
2648
8885
4684
1322
8083
7095
3605
7235
1996
7099
6292
8567
9761
9336
4496
5021
7643
5216
6935
5961
1899
4734
3417
9534
1833
1580
4949
2511
1612
3078
5817
4649
3661
8934
7664
5274
7288
4926
1679
1798
1840
1768
1384
1567
3717
9595
6730
1180
6556
1865
8999
6659
2300
2102
8652
1617
1737
7501
7459
4010
6382
2850
8906
2425
7775
115
1997
826
2723
3549
2707
9179
1539
287
391
7343
5696
6162
8745
6863
9060
6376
4020
982
6008
8317
3706
2288
3504
2243
3235
8321
894
1401
5253
9776
6184
2227
5302
705
311
6138
1855
3003
3956
2618
1369
2674
160
7672
2875
2477
4591
4545
5210
2606
3730
7715
6419
1157
5923
7762
827
7746
1457
8390
6140
6748
7102
3525
5036
1123
4032
9687
9034
5607
8350
9533
9780
5830
7344
5306
3763
818
9723
7905
2910
6573
5909
1070
2090
3786
2023
7553
5479
8879
9686
9171
8436
1818
677
4802
5720
4350
4685
8702
6238
6512
2504
9891
9590
3244
4213
3943
8153
1357
8961
4193
8698
6689
3832
2543
5108
2918
2989
1506
6699
1409
2433
3248
9471
5836
4123
5259
531
6433
3341
1028
7649
2253
3232
3004
6690
9699
5422
2784
8656
8033
167
5650
2494
9564
7543
9185
7855
7375
7946
3577
8008
8844
9518
7241
11
1433
8854
4383
4182
315
3687
2353
3050
9681
5759
8430
9912
9513
5666
8848
3657
7407
2480
9269
2299
1851
6721
7560
6925
6712
297
9749
550
1922
9215
5890
7846
7638
3839
8888
2315
171
3963
3969
6704
4667
5490
9916
2474
4744
4740
6616
5436
113
9849
6731
1517
6734
4694
2142
1563
1404
3544
1627
59
6638
1023
7330
313
3902
5855
2608
8675
7217
8636
3859
3708
4676
8600
739
1432
4927
9176
1451
4874
6706
4319
3879
5670
9091
2980
3302
2367
1089
8604
5769
6688
6554
9545
8576
228
4094
4288
8289
4115
8075
2286
8814
643
6646
2539
8978
6098
5672
9207
4814
7966
2953
355
7127
4609
4017
3022
8236
4885
7257
9213
9082
870
1059
7635
5334
2764
4682
5383
1204
5183
3238
9122
5239
2710
1235
2653
6311
4693
6713
300
8526
2658
1646
8905
6657
5772
9151
9540
4285
6149
6143
714
5278
268
4136
6687
1522
9494
4928
3762
5733
5322
6901
7023
145
9199
6805
250
2877
5124
9364
8738
9014
9113
2123
4113
7451
8037
2061
3355
8055
9253
1265
9286
1464
4043
3152
4575
1348
7206
2623
8555
3743
8186
3051
4271
6989
7995
8616
5291
9656
2264
1680
2496
2528
246
6027
2878
3519
8220
2362
1808
6077
4925
6214
3670
9664
9321
4954
747
1885
6219
8425
2016
3298
2333
8092
8599
8286
1927
8068
9594
1323
8429
5972
4709
7512
3409
2067
2954
9990
1930
3480
2915
6037
5609
3858
82
1959
8415
9915
135
2864
2487
9495
5227
4195
2807
2819
4109
8815
337
1608
2440
2945
1192
8941
9347
5771
4378
4711
2291
4508
7239
9676
3867
3087
3134
9098
1311
7568
5349
2031
6789
3180
5206
2595
7922
8907
7037
5555
3659
2297
8496
1350
1928
8711
9403
6119
1225
4297
410
4246
4588
7677
9914
615
1328
474
8148
4024
5980
8426
7042
2104
8116
4606
4230
3870
4427
7654
4619
2065
4769
9030
1544
888
8853
2379
1766
7248
9732
4808
5255
3086
8222
4771
7043
2598
6360
6741
4665
3555
3634
2381
7785
701
7994
10
6048
3277
6836
8188
5983
9160
8107
5906
1992
2409
2544
6898
4670
5498
6510
8292
9968
432
3801
7156
6591
4170
1643
935
2040
6091
348
209
184
7540
757
1137
5299
4159
1005
503
2894
4359
351
9492
6754
6383
1630
7954
6784
240
8474
9263
684
9898
9994
2913
2408
8295
139
309
569
7071
9228
3974
8031
5025
5016
3776
2948
8924
2631
4988
5697
8119
8147
2872
4012
9660
4163
2055
4573
3574
7035
1238
7462
4728
181
1977
800
8501
1670
5431
5276
3955
3158
1266
276
4366
9853
2374
8331
3624
5507
500
6229
9474
6352
4962
3484
2282
7227
4355
6146
6440
7040
4449
4280
7163
7566
8522
2876
6460
975
756
5350
6120
4370
8208
1926
1621
7027
1788
6121
1548
5974
766
9659
4589
5633
70
6047
9439
266
3584
1234
9769
4100
2146
9542
98
8623
4381
6839
4371
7726
6029
635
1245
347
7819
344
5858
2143
4716
4227
9404
7757
2879
4181
6491
5363
19
5781
4005
9120
755
3215
4704
3583
6981
8038
7373
5456
5517
8811
6677
9130
5141
5395
7440
6612
3667
3626
1748
3499
3726
8378
9255
2769
3693
2524
3509
8644
7840
7139
3936
1918
4756
2966
7495
4486
5283
4607
8136
3408
6625
3084
2901
1222
6976
1352
2336
1727
5314
5897
8211
6335
7394
1852
1159
7476
4484
9821
7076
5358
8995
3821
7209
6822
3497
9387
1969
2364
876
4093
5856
5069
8145
3403
948
2335
83
3797
7941
3279
3063
9197
9630
9930
5709
2578
2430
6738
8234
3910
6708
3253
3663
9379
3608
899
9650
9530
3363
8424
114
3908
1447
5601
4063
3288
1150
7265
5473
7513
3397
24
7086
7085
5004
1495
122
9445
2908
647
2873
9745
9511
9506
9157
8098
4286
2959
8323
5721
4775
9198
6020
9613
4810
3327
8206
4035
6386
2535
9306
2815
4422
8363
74
9941
2207
4431
7124
8179
2844
809
4049
7450
5415
8980
9858
5752
4636
2509
6171
3271
6886
7521
3446
4909
5088
7498
3771
8203
3857
1000
2156
6052
6825
7111
1236
443
4557
6962
4827
1657
6132
8449
104
2671
989
4971
4047
9923
2125
1991
4274
6155
843
291
1776
616
6102
9444
3720
6357
6854
1715
3383
2947
5880
2148
8337
7599
8141
8166
494
5692
925
933
8784
9956
4596
5981
3766
8229
5790
3053
2262
6412
2437
1256
4322
4698
6055
468
6377
8824
3568
5660
5623
8471
6598
8219
8882
6871
5270
6043
2835
6774
1513
2654
8707
1876
8909
5301
13
1299
1730
4569
6920
4548
7215
6944
8379
4395
4550
4499
641
8742
4296
971
92
7594
1696
383
1425
2967
5083
2846
2192
5113
4071
2735
6426
4392
1274
4687
6681
6755
7548
2489
2581
6056
4924
3933
2319
1109
4790
595
9357
3345
7519
5147
8766
8513
1961
3241
7034
3886
9007
7918
1353
6827
2821
4441
2019
6123
8617
3923
9538
6797
7770
9222
6875
5861
2168
2341
4532
9135
1806
9372
7736
9225
5501
2030
9840
9882
7915
8088
8252
5378
385
2078
2382
2463
3457
7670
1738
357
8360
9558
4215
785
5430
8544
8842
860
3343
9300
1648
5475
7475
2232
3507
8939
3598
9927
2005
4681
8445
9270
7134
3912
4964
4564
1476
9878
5783
3784
8584
6850
3589
4492
6843
3187
515
6101
1534
1226
421
1985
1434
6576
369
4244
3160
7957
3467
7324
7212
4027
9218
6451
3977
6728
3428
5871
1399
685
159
1253
8242
2140
9456
8627
2942
1414
4618
3430
5910
7007
6756
9
4453
1634
2638
6885
2347
7070
2235
752
8935
9951
8831
9695
8936
9246
9102
7031
916
6870
1721
1954
1819
2027
7866
987
8660
7397
7779
3308
1690
9313
6830
8767
8029
3806
9248
9633
6667
4409
1067
9290
813
3540
2185
2441
8770
8561
4342
7296
1115
7740
8552
5205
1446
1741
7681
4881
5954
7444
1822
3249
5466
6316
7656
8979
5943
3959
140
7262
3490
2700
2626
8305
6758
2486
7885
724
378
9880
6192
7482
4680
7384
2004
9224
8493
9316
8442
6339
1843
8187
670
2828
8020
210
6111
423
7423
8108
7412
2015
542
5706
2669
7055
8609
5176
8872
5095
938
2241
3323
5798
9866
9426
5060
630
8753
9815
6072
4934
9163
5661
1589
2266
8274
3940
4664
2770
8376
6946
1415
6658
6308
6747
2427
991
941
6265
3172
9911
5710
3547
2553
9546
8268
6823
1869
6919
6205
3243
9477
4982
6536
3489
2768
4914
4942
9256
1672
6080
731
9498
1181
9683
8998
35
4673
1290
8381
9751
5668
8118
7303
2805
9254
3847
303
8662
7506
4662
9482
3068
1002
9836
3572
5832
8316
1018
9297
3198
8114
4707
3377
6956
2672
5136
5839
1232
3464
274
9227
1609
3911
1030
5031
7869
2941
3851
3330
4332
6996
5500
4141
7901
5117
865
675
8201
6603
272
1015
1781
4494
8469
9587
4357
9138
5744
9917
959
7299
3420
1417
4577
8448
9571
3996
5787
123
873
402
8519
366
1449
810
637
1815
7063
7754
2572
5925
9369
6456
3472
3067
3566
8764
7812
6199
9330
382
6145
3099
5512
5804
4470
1693
9245
457
9323
9162
2210
5573
2414
2107
1898
93
186
2824
6998
5321
8257
2068
8315
5310
6423
6586
999
579
7285
9258
8933
8463
463
7361
8294
7805
6240
3995
3283
7029
2651
9196
2053
3162
7406
814
5644
1066
4640
7104
3616
2883
3780
8942
8468
9314
5559
8267
6628
1575
2981
8694
7319
682
6358
7155
2050
4162
4733
7752
622
3479
4963
6498
5718
6918
4160
2930
6522
1108
2167
6059
7539
3144
1755
2082
372
3860
1093
1911
7626
5814
7592
2332
7924
8512
5873
7290
6472
7019
6287
7218
5546
9672
6580
8285
1331
1318
2373
4843
8679
905
6282
4313
9563
429
2263
9428
3705
7605
8194
3421
1649
9324
7388
431
5032
3114
7934
952
5034
1824
5756
6471
361
1201
5484
5451
1057
9320
1139
6147
197
7312
1559
2843
2732
4030
2060
2587
1278
4574
9724
9502
2779
2986
2393
6833
4221
6753
215
1502
2002
3864
5303
4660
2088
8845
7106
9024
3601
5588
866
5290
5676
8073
2621
3647
7845
22
5211
8342
2026
5762
168
7682
8754
5854
4621
44
1736
6779
4972
1376
6984
1812
6509
514
8586
4325
1601
6441
3378
9755
4794
8154
749
1622
3018
6983
2641
5423
471
9396
7180
9481
3971
418
6216
8204
7525
3757
7809
2278
8135
6828
8760
2497
597
2951
735
9570
9194
1847
7300
9298
8067
5351
2412
5146
8925
4867
6325
9104
2534
26
6389
1883
1270
3937
3973
6176
6955
6207
6490
1188
4691
1075
5123
7453
8151
2756
7629
7151
8630
3257
7001
7348
61
9128
786
6562
5319
8663
3083
9410
631
1282
7408
7210
2322
5144
4444
7976
3817
3072
3297
6187
4080
4002
49
5532
1671
4853
4614
4281
2925
3123
7098
105
1751
691
2752
8506
6727
2905
733
7153
4637
4300
7909
8509
3637
7716
9010
4757
6343
4578
9883
9991
3361
4736
2369
6745
6982
7352
6439
1635
5590
3033
8260
9468
4025
1838
7463
3699
6497
7494
1942
9657
2443
4759
533
7827
3365
6517
9406
6585
1072
3946
2609
427
3024
488
6367
9740
3947
8076
8655
8504
8035
7811
3927
2944
7634
8540
9295
2407
841
1385
5777
7171
1861
1897
7117
837
3733
7197
1870
5941
5766
9129
1697
2309
3570
7500
4345
743
5915
7710
9158
2698
9616
7848
1523
720
7587
4701
5795
6629
1289
1249
4953
5162
1979
9501
5761
5317
5793
2073
7625
5499
7228
9548
6347
8371
5099
5529
5843
3861
8344
4594
9537
2305
1259
3527
4855
7377
7623
8973
988
386
4433
516
9143
7533
3737
762
5440
3163
9078
3256
9359
944
5389
7802
9027
2664
2890
909
6218
2150
5561
1191
1006
2363
3530
2330
2839
633
6349
7824
3518
9522
7345
9210
2503
2740
4111
9415
4501
8329
3306
5379
1263
7644
2506
1439
5637
9585
8485
5952
4523
2798
3266
2029
1284
4397
7437
5840
1535
9966
4072
6193
245
8477
9606
6299
4369
4396
8087
4469
1951
3818
5142
3685
5593
893
4755
2956
1723
4459
4816
7094
6428
4389
9332
6139
4318
7943
2478
5280
8339
9353
7452
4004
4831
3203
1863
393
3402
8714
4475
6678
7784
3102
8207
2923
7537
1538
3594
8341
1905
4102
2042
1613
504
3132
7571
1
7177
4220
3176
8839
8351
1062
5181
6293
680
6609
6165
417
8326
8487
3777
1084
9784
7534
2404
9275
2987
6317
4918
2036
28
1681
3094
6574
2935
2395
2421
338
8216
3140
8582
4351
286
8971
6436
1368
7730
1786
9154
6648
3900
2034
5463
6181
1500
7932
7782
653
1811
5713
8113
2147
6256
2663
6085
7899
4036
2324
4729
7109
3690
6622
400
2269
5911
8184
1828
7158
8133
9892
7022
2456
3075
7242
9922
3808
2298
6903
4632
8182
7275
8167
7631
2838
5297
4959
4415
7256
5902
3691
8895
5313
6539
4512
3998
4472
1176
7696
7942
6220
5204
63
6578
2049
3146
2312
6410
5252
1335
9610
2703
5794
1587
9567
7526
5891
8990
3792
8027
3854
7196
5441
1004
7135
3666
5867
5197
2904
6742
6714
407
6469
202
6733
4172
3326
3108
6973
5047
7701
5768
3037
2738
3524
6211
9995
8042
5695
4174
4439
9133
7604
7038
2582
9052
9026
1411
6694
4813
4323
2895
7396
7721
6581
5648
8435
4995
1906
5407
8669
1227
5346
7789
9705
9631
986
1375
1965
6672
7054
3938
7998
2922
3043
9045
6297
1167
2139
3259
7919
5888
8923
6744
1848
8938
5621
956
3001
8603
1390
4210
8715
3932
3906
7777
1702
6183
5816
2320
4339
6485
4256
1104
5186
3952
1295
5311
1801
3542
2733
270
7014
8301
6831
7017
9741
4724
3413
7574
645
1042
2645
3511
5478
2797
7925
8780
1605
8338
5652
7297
4075
7178
4706
5822
4491
1900
8921
318
5093
8244
5023
2793
9712
3521
9429
9021
1497
4787
238
639
5178
2502
5019
7489
9345
1836
1466
8287
9812
4007
4879
6474
8043
3845
1758
9778
4590
1902
4851
2012
9204
620
251
928
3848
4474
2385
3537
5075
3346
4432
7914
5445
9920
6683
81
2604
5887
398
6044
4748
3069
4390
442
9057
2730
5066
7039
7989
4173
2547
3016
5138
993
7148
3380
8575
4437
3789
5022
3098
5674
5907
9192
7390
838
3422
5951
7356
4353
2375
1699
8353
1873
314
2513
7101
791
601
490
3270
548
5477
5610
1722
1337
8221
9825
2863
3761
607
3371
609
5992
1485
339
5448
9331
9628
9095
7100
2059
4131
539
9319
254
2566
2961
6401
8965
3311
6103
6702
5015
1264
434
9086
7328
296
2032
8632
729
3696
3120
5153
3350
4516
4178
9282
6729
3262
1787
8832
7400
3339
1114
1528
5864
2607
4566
2193
7003
6594
211
6039
817
6003
2172
2356
71
6824
9982
7025
5005
1586
4152
3884
4124
942
5746
521
1049
8446
8403
9370
6655
4097
7815
2117
8011
4592
4306
3826
8000
1708
3917
3905
847
1655
7419
1164
4485
2886
9711
3213
861
915
2066
4341
1418
8878
7851
3027
1279
473
887
5802
289
56
1333
4333
3396
5459
2272
3643
5037
559
3398
6050
7926
3010
7814
9015
8696
9929
3704
3449
8587
3026
629
8164
3425
4764
1717
8637
2323
3208
8813
8969
681
8728
5738
4096
7982
9484
7876
6929
2649
7335
8693
1887
2397
927
7618
4091
7650
1487
1777
6923
3765
1908
5277
7579
7660
1735
2742
5226
8700
425
9555
8583
4597
6116
6858
208
8891
1306
7060
9870
4751
9358
1207
903
820
4677
1525
396
2250
4912
6676
12
8223
5970
6435
518
5105
5336
7557
1940
8705
3621
1146
6225
4837
1709
2851
4348
6209
8963
6148
2902
5179
2731
770
9074
2255
8138
262
5842
2525
3030
4180
7554
1629
2800
8142
2833
2103
1349
3790
9952
9099
4623
8015
5881
1087
9575
2351
2787
3709
9581
7879
9524
4825
4857
2974
5486
6122
9520
5286
1219
9150
2446
6526
9280
9147
2086
8095
2222
3482
1541
3369
428
1749
9603
3179
1650
2585
1512
9304
3606
2832
7794
8479
9694
4167
4309
1233
5426
7493
8079
8243
676
2308
9455
7454
2849
1938
7238
1970
688
4001
4991
384
8863
4533
4805
4679
9661
1536
7064
4929
3675
8310
4263
1653
534
7298
1950
2548
9343
2505
7923
8131
758
1431
5625
8908
1262
3411
1412
3961
4442
6846
1158
3036
776
5076
1724
540
5424
7075
3493
8607
3718
8682
7447
9247
1850
121
4430
6150
5680
3242
5078
7279
8859
9132
6473
8562
4356
2888
9637
7467
6164
9072
1456
4952
5157
3441
6975
6649
6032
9890
1665
7018
9926
2532
5220
259
9913
5585
2127
7269
2284
5071
8898
1111
7258
7237
7867
5643
1694
8683
9869
5684
2825
2867
3151
9392
1892
7110
8418
932
788
8867
9418
9716
6618
1175
6952
7118
3893
4581
2124
4800
9376
2670
2767
4531
9934
3607
9008
1602
6792
793
1740
5305
7981
2891
3070
8537
7891
3702
131
1110
6852
3877
6064
1288
5991
1250
8713
2977
8400
4806
9349
3645
2814
4957
8930
5938
3073
2616
1338
3260
7305
9665
147
16
1363
2898
3470
255
5214
8427
3058
5439
8610
1729
3349
68
3252
4391
2666
1450
8023
1304
5312
9305
8387
9240
8432
4598
441
1746
5057
5617
3495
8931
5376
1055
4652
7793
3747
126
3532
2551
9925
7820
9139
1396
7483
5231
6538
3097
1514
4781
627
5973
8790
901
332
1936
7252
9938
6222
8749
4946
6241
7351
6170
1355
1823
214
3191
5026
6746
4768
8233
3488
7903
2866
7147
1795
4807
8081
6771
5133
7496
3984
125
4068
9344
4413
149
3448
4421
9505
6385
5029
9559
6583
2028
3727
5003
9006
9131
469
4955
4108
6928
634
9472
6040
8441
5750
3015
4302
709
2273
6198
9722
8357
306
1198
3759
472
1675
5597
7435
6320
3552
7136
1308
447
5118
3557
5741
8812
9959
9531
8794
5282
8024
3192
64
7347
7756
3794
8050
8875
8299
4527
8052
1283
6016
2072
5235
8026
8902
6179
6034
8677
3342
183
7441
891
9427
1921
6239
8104
3722
3546
3526
8250
3591
802
4301
3492
4406
1305
261
527
5525
4626
5763
2017
5203
8172
7684
7920
2946
9906
606
5073
2184
8578
2592
5050
2399
1767
5541
4556
644
4365
8892
4466
7826
4549
3612
3711
4850
8046
6063
5519
1762
1599
2521
805
8332
2659
3029
3455
8788
5860
6300
324
4480
7531
4992
7246
1524
5137
8362
2223
2853
7666
4259
195
8836
3400
8163
4528
3207
3992
5245
5751
8776
6588
5405
1780
7199
6995
1027
146
2294
4715
3929
1362
3331
6049
6230
17
9638
8532
5922
7781
8397
6845
2812
8873
7402
1079
7008
91
8666
5638
7184
1026
4153
2370
9527
1590
3407
2045
5736
5755
7950
6630
8456
1254
6001
2171
3157
3529
7799
6482
9069
5402
9608
5325
3265
7149
4455
5187
3571
9360
141
3787
2114
2975
2160
8410
9943
5505
4935
3769
6764
683
2681
2118
2563
3412
9743
2152
1598
2856
1022
8401
2431
8370
8240
9933
1677
9566
7502
5392
485
7474
9972
5485
2092
6337
3610
6541
3093
7222
9333
3543
7232
1297
4079
4201
6880
5262
2665
6865
5101
4216
5717
367
6244
8396
1972
9238
5600
763
4746
4257
3891
5039
2561
1986
9175
4089
2919
9059
5654
2116
8369
2949
4835
9013
6739
9220
3533
1461
73
3586
4961
9408
7107
2591
1910
2516
3141
9528
2917
9641
8987
1499
2411
8986
8322
2457
1443
3200
8105
3513
1031
1714
4058
1862
8688
2806
6338
7313
4374
4842
2424
2792
5244
1099
5622
5355
2545
543
6692
4278
529
6092
8932
3381
3632
2213
6262
7596
4248
5238
2174
7929
8949
3809
7949
3816
3
6838
6620
7504
912
771
9309
3161
4720
4165
2842
7849
7026
6493
9340
2810
3281
664
2219
9063
2043
7188
2689
7292
2583
8394
4899
6722
8293
2276
5169
1756
1361
2006
3183
9813
1216
6508
7445
1527
7122
545
4490
3968
2200
6653
7080
151
7245
5435
6643
1106
4725
7291
6355
3129
6537
2996
40
7115
8313
7364
8016
6757
934
5115
5257
1153
2727
9799
3916
6234
5030
523
2290
4708
799
7935
9605
3892
6788
6549
8736
5341
5049
8744
8490
9903
4690
5230
6513
8309
7036
278
3679
7639
7436
4538
9648
2122
7084
7606
8757
8840
6800
1515
8438
7072
2283
552
954
3603
9977
3437
1160
9173
51
5591
6558
7633
7960
8099
3284
1046
4349
3523
6557
277
1625
4273
5343
8054
1124
7712
6905
7551
177
4368
1326
3189
4046
7
2934
7907
926
4041
8191
333
738
5012
4836
9029
5905
4613
3710
8327
2751
1760
9454
3458
6418
1705
3335
8659
2301
7737
8606
4456
8818
8058
7182
3799
3582
6940
4298
6173
1145
9041
976
2771
3028
4052
3225
388
8452
8372
7336
9671
5602
4672
777
3278
2627
568
5614
1878
3135
6328
6108
9012
6113
5511
882
5747
8529
2847
6353
6849
7642
9772
2998
67
5360
931
7830
7860
8983
3919
6194
3600
1125
9805
3604
5116
9421
6697
5901
9195
79
9808
3915
5689
930
7132
5560
404
9105
6002
8819
9651
6070
1165
173
6804
6560
9266
6202
2064
9854
2418
6411
9217
6860
9881
4198
5058
3885
978
5748
7563
9771
4871
5833
8481
9165
6462
3975
9942
6384
1313
9355
9685
7963
1196
2495
2893
5449
7835
7725
7028
6523
6255
8110
5103
3384
7878
1172
7146
1554
3903
1321
8829
5200
5950
1886
7497
6619
7176
6637
6820
4582
2933
1162
9767
1332
4206
4553
3303
9598
6394
8225
6480
374
1913
4006
4723
617
1519
1367
5268
4320
2704
566
6336
3410
4603
109
1231
625
414
7358
605
4394
5624
8386
7249
4236
9259
4029
5348
7097
4504
1303
6881
3432
532
7378
2515
281
6530
8165
8699
8074
3368
2251
3307
7409
3310
2644
2499
3353
1973
1983
4382
5556
2668
1438
3581
479
9900
8467
5948
9058
6759
6094
7854
7744
1571
9875
1379
203
6641
3960
2909
9251
1261
7205
7615
3812
2881
6691
2447
5580
2709
2625
4948
7987
5969
5572
2180
3100
5630
7383
3925
8984
1082
6022
1800
1948
530
2679
1664
1790
3993
1871
6544
1882
6197
8349
8970
9588
7580
2311
9627
5635
9394
1933
8272
3393
1142
5453
1792
2401
3392
9754
8103
9087
5081
1156
2106
5945
9216
467
5775
563
2804
66
1594
8333
512
322
4293
1529
7221
7659
6112
3008
5587
9846
90
8254
6257
4967
5002
5944
6926
9519
450
8796
1526
6483
9116
3852
4940
2366
1663
3011
5406
8034
9076
2619
779
7234
7386
9457
2215
260
412
5359
162
1551
2685
1914
2526
5207
9363
4605
6369
212
3646
3460
7105
9019
4137
2964
6568
3391
2094
8768
9689
9721
9287
5433
2228
885
6069
9088
8672
963
7825
7535
580
325
7958
4886
2522
2620
6445
3876
9864
219
2101
2136
6803
6212
2386
5788
524
9764
5784
3506
3471
1939
6015
2191
1530
2982
7456
2541
9461
3731
3301
5266
223
8866
4249
2238
5364
6081
150
3820
1579
3749
1814
5739
2296
7113
9462
225
1468
1424
9950
7204
5996
626
8444
329
2001
1208
902
2071
1096
5288
9976
3846
8137
1197
7689
4223
1958
6413
8124
2652
9119
8407
2051
2247
6856
9362
5715
7162
4863
9733
227
6127
152
6718
9079
7655
1014
7468
6639
1857
5082
6129
2859
8090
1888
460
5411
8861
6812
9781
7870
1445
5184
1731
6488
273
5647
6082
7488
5250
5828
1896
4495
4130
9000
5198
38
7977
7607
6994
2790
4156
1998
7727
1151
3487
6685
7990
7561
2855
7432
2391
5543
7309
7046
4083
717
845
4155
5827
5504
7969
9806
4462
8525
9996
3340
7676
5753
8543
2111
2490
7083
1734
9901
2818
2574
7401
3700
2024
5935
9371
2342
45
301
9451
536
484
5803
3564
1504
9999
1074
651
8536
5219
445
330
5848
7295
7528
9318
8645
6309
4529
3713
2162
8014
525
4151
3373
7680
9625
7522
8096
9097
7223
3502
1473
1856
5447
8218
399
9620
9896
7438
9931
1190
6079
6908
6068
3517
7002
1652
3459
8605
9895
6821
6680
8019
5428
9399
8049
2259
3897
9730
2794
6499
1945
4870
2650
2178
9667
9354
4022
312
8472
6215
6674
8602
7612
6780
5195
6477
8913
5646
6673
6373
8084
3261
4261
1707
2950
2761
4443
6503
7123
9971
14
7602
8593
7947
5365
4542
5330
1214
2861
6158
9419
2376
6177
495
8383
4464
5599
1832
1103